592.16 0
592.07 0
591.98 0
591.89 0
591.8 0
591.71 0
591.62 0
591.53 0
591.44 0
591.35 0
591.26 0
591.17 0
591.08 0
590.99 0
590.9 0
590.81 0
590.72 0
590.63 0
590.54 0
590.45 0
590.36 0
590.27 0
590.18 0
590.09 0
590 0
589.91 0
589.82 0
589.73 0
589.64 0
589.55 0
589.46 0
589.37 0
589.28 0
589.19 0
589.1 0
589.01 0
588.92 0
588.83 0
588.74 0
588.65 0
588.56 0
588.47 0
588.38 0
588.29 0
588.2 0
588.11 0
588.02 0
587.93 0
587.84 0
587.75 0
587.66 0
587.57 0
587.48 0
587.39 0
587.3 0
587.21 0
587.12 0
587.03 0
586.94 0
586.85 0
586.76 0
586.67 0
586.58 0
586.49 2439.69
586.4 1997.95
586.31 -404.561
586.22 93.247
586.13 57.2598
586.04 -189.158
585.95 174.024
585.86 783.96
585.77 2260.72
585.68 453.548
585.59 404.367
585.5 349.407
585.41 353.301
585.32 604.194
585.23 213.305
585.14 69.4554
585.05 325.247
584.96 -165.369
584.87 606.738
584.78 529.114
584.69 -233.891
584.6 858.341
584.51 249.74
584.42 -574.821
584.33 -987.469
584.24 -747.75
584.15 -543.02
584.06 -224.037
583.97 -563.148
583.88 -776.242
583.79 -82.6569
583.7 -512.859
583.61 -506.799
583.52 -292.496
583.43 261.919
583.34 -293.359
583.25 -830.165
583.16 13.7427
583.07 -655.609
582.98 -374.353
582.89 -382.657
582.8 -15.2409
582.71 226.99
582.62 781.113
582.53 395.374
582.44 252.399
582.35 10.0436
582.26 -287.451
582.17 191.504
582.08 -132.546
581.99 -179.902
581.9 -1.24748
581.81 281.75
581.72 -88.6446
581.63 447.174
581.54 261.883
581.45 339.631
581.36 320.398
581.27 24.0353
581.18 -180.064
581.09 -253.209
581 120.967
580.91 161.53
580.82 -244.88
580.73 -361.538
580.64 -43.2358
580.55 -36.9838
580.46 222.824
580.37 366.303
580.28 133.512
580.19 -61.5021
580.1 -20.5912
580.01 437.401
579.92 -10.8677
579.83 12.5305
579.74 -5.89867
579.65 121.088
579.56 -24.6148
579.47 -5.7095
579.38 16.0167
579.29 -5.20521
579.2 74.4379
579.11 -20.0037
579.02 50.4564
578.93 37.5888
578.84 134.722
578.75 106.143
578.66 267.77
578.57 180.685
578.48 107.688
578.39 -59.5683
578.3 133.363
578.21 8.77512
578.12 -136.403
578.03 125.229
577.94 -102.116
577.85 23.6671
577.76 99.7929
577.67 -23.7285
577.58 97.0827
577.49 -0.502657
577.4 -175.572
577.31 -80.5201
577.22 -58.4765
577.13 141.135
577.04 52.6609
576.95 116.052
576.86 -154.794
576.77 120.021
576.68 5.69047
576.59 -63.2673
576.5 -31.6924
576.41 -96.9538
576.32 -50.3703
576.23 94.7205
576.14 45.4732
576.05 86.6235
575.96 47.8611
575.87 4.37724
575.78 69.4977
575.69 53.9978
575.6 117.676
575.51 83.7119
575.42 177.855
575.33 166.701
575.24 74.8613
575.15 78.4102
575.06 -20.9525
574.97 30.4421
574.88 23.7347
574.79 -57.4187
574.7 51.6384
574.61 -37.6702
574.52 41.9553
574.43 95.8518
574.34 139.748
574.25 99.6189
574.16 -0.422176
574.07 73.6037
573.98 34.3292
573.89 169.372
573.8 90.9367
573.71 53.6071
573.62 -11.2897
573.53 68.3453
573.44 100.205
573.35 54.7433
573.26 9.11098
573.17 -61.4517
573.08 -36.2548
572.99 82.8459
572.9 56.5443
572.81 102.031
572.72 22.5965
572.63 4.65597
572.54 40.018
572.45 96.1298
572.36 19.4885
572.27 37.6173
572.18 107.653
572.09 -23.2
572 -44.8686
571.91 17.9767
571.82 -10.8324
571.73 26.5574
571.64 71.8097
571.55 69.5037
571.46 8.67425
571.37 -18.5967
571.28 107.583
571.19 7.83881
571.1 -65.6334
571.01 13.1351
570.92 58.7631
570.83 -46.0016
570.74 -59.4669
570.65 2.76371
570.56 13.6015
570.47 2.66361
570.38 -2.26404
570.29 22.7006
570.2 2.93557
570.11 -35.9227
570.02 40.2913
569.93 71.7761
569.84 45.0383
569.75 1.4441
569.66 5.02788
569.57 -17.3209
569.48 -25.4503
569.39 50.9823
569.3 87.0799
569.21 84.4802
569.12 -21.5252
569.03 30.1422
568.94 51.8551
568.85 53.203
568.76 54.8469
568.67 67.0752
568.58 46.1976
568.49 -33.5545
568.4 7.06099
568.31 35.713
568.22 32.8961
568.13 44.8295
568.04 38.5628
567.95 43.4688
567.86 41.6364
567.77 13.6983
567.68 45.5042
567.59 51.499
567.5 51.9676
567.41 77.2172
567.32 37.9532
567.23 64.5822
567.14 62.8747
567.05 46.4233
566.96 1.53334
566.87 8.81644
566.78 19.7329
566.69 36.4689
566.6 36.4811
566.51 17.5735
566.42 14.1022
566.33 42.6359
566.24 13.695
566.15 48.2734
566.06 81.3719
565.97 3.8216
565.88 51.7067
565.79 35.4637
565.7 -4.64068
565.61 32.6293
565.52 14.1858
565.43 49.4153
565.34 19.4598
565.25 29.1015
565.16 14.1333
565.07 81.0861
564.98 53.1807
564.89 40.2833
564.8 42.8809
564.71 38.0515
564.62 36.169
564.53 40.2659
564.44 37.6062
564.35 17.4395
564.26 32.9248
564.17 81.3471
564.08 88.2863
563.99 58.6857
563.9 19.3835
563.81 68.1875
563.72 68.4633
563.63 40.7516
563.54 32.8165
563.45 16.1825
563.36 16.3796
563.27 -10.9147
563.18 29.4281
563.09 72.0688
563 41.2083
562.91 34.9418
562.82 34.977
562.73 20.3242
562.64 64.2661
562.55 62.3677
562.46 35.2775
562.37 29.1723
562.28 26.0935
562.19 27.732
562.1 32.7851
562.01 58.4449
561.92 61.4175
561.83 12.4925
561.74 9.14404
561.65 50.2435
561.56 49.8824
561.47 45.9229
561.38 29.2663
561.29 48.2556
561.2 51.2161
561.11 80.7236
561.02 45.5844
560.93 35.8629
560.84 54.7355
560.75 54.8812
560.66 46.0594
560.57 32.579
560.48 17.3488
560.39 49.0805
560.3 40.6361
560.21 29.1766
560.12 26.0365
560.03 29.0861
559.94 23.6246
559.85 30.6617
559.76 54.27
559.67 59.4814
559.58 44.1991
559.49 38.8038
559.4 25.8267
559.31 29.5436
559.22 29.5493
559.13 30.6345
559.04 60.2157
558.95 56.7534
558.86 48.9218
558.77 29.3552
558.68 28.8612
558.59 49.7035
558.5 26.107
558.41 32.3775
558.32 45.7126
558.23 50.3725
558.14 28.5063
558.05 43.9018
557.96 44.4271
557.87 73.2374
557.78 45.132
557.69 31.1655
557.6 36.6428
557.51 24.468
557.42 52.7102
557.33 50.5822
557.24 45.3232
557.15 41.5653
557.06 26.1963
556.97 36.8922
556.88 20.3625
556.79 35.7389
556.7 35.1882
556.61 34.2993
556.52 36.5804
556.43 15.8037
556.34 21.2394
556.25 50.7835
556.16 38.2641
556.07 38.3464
555.98 45.9686
555.89 49.5229
555.8 40.6706
555.71 38.0803
555.62 54.7515
555.53 28.8557
555.44 19.496
555.35 26.5928
555.26 32.7389
555.17 22.7874
555.08 30.5957
554.99 59.5408
554.9 42.3956
554.81 25.1484
554.72 26.2792
554.63 28.8133
554.54 29.6014
554.45 35.1377
554.36 33.5737
554.27 30.8192
554.18 27.391
554.09 49.4602
554 53.5085
553.91 31.439
553.82 46.8142
553.73 30.4401
553.64 49.507
553.55 33.1803
553.46 54.3029
553.37 34.1255
553.28 32.9718
553.19 58.2136
553.1 62.6129
553.01 44.7599
552.92 46.2594
552.83 33.539
552.74 43.4533
552.65 45.6999
552.56 32.368
552.47 33.5359
552.38 29.2249
552.29 53.1096
552.2 19.9597
552.11 19.4419
552.02 36.909
551.93 46.0344
551.84 46.5679
551.75 47.1645
551.66 30.0881
551.57 21.1732
551.48 41.0888
551.39 35.1078
551.3 45.0312
551.21 30.0319
551.12 29.7605
551.03 39.168
550.94 35.463
550.85 32.8796
550.76 32.6523
550.67 57.6928
550.58 51.291
550.49 44.7125
550.4 42.6452
550.31 38.7205
550.22 45.8625
550.13 52.7531
550.04 36.0233
549.95 36.8602
549.86 18.9355
549.77 34.8096
549.68 34.288
549.59 53.1406
549.5 50.9156
549.41 25.8822
549.32 42.2218
549.23 38.397
549.14 29.4002
549.05 43.8283
548.96 25.3909
548.87 52.4688
548.78 38.5126
548.69 48.9227
548.6 54.4963
548.51 32.7377
548.42 26.7613
548.33 40.0738
548.24 35.9803
548.15 39.7651
548.06 48.3953
547.97 35.4562
547.88 37.3232
547.79 46.9985
547.7 35.4155
547.61 40.2395
547.52 34.7502
547.43 40.7356
547.34 43.6593
547.25 38.0468
547.16 38.5035
547.07 49.0586
546.98 49.6724
546.89 48.152
546.8 34.2873
546.71 25.7924
546.62 23.0196
546.53 37.4827
546.44 44.931
546.35 49.9039
546.26 47.5037
546.17 42.8762
546.08 36.4705
545.99 24.9911
545.9 26.2367
545.81 26.5817
545.72 39.9995
545.63 34.6427
545.54 36.3845
545.45 39.5223
545.36 43.2475
545.27 39.2171
545.18 42.7815
545.09 50.3587
545 44.5861
544.91 37.5552
544.82 38.6084
544.73 47.1896
544.64 47.1333
544.55 41.9893
544.46 42.127
544.37 47.7491
544.28 43.5642
544.19 37.1255
544.1 36.4278
544.01 46.5231
543.92 33.453
543.83 43.752
543.74 39.3757
543.65 37.7015
543.56 41.581
543.47 31.915
543.38 56.3859
543.29 42.8876
543.2 35.9538
543.11 37.4491
543.02 40.0813
542.93 43.7719
542.84 40.7549
542.75 42.8687
542.66 39.6407
542.57 43.2613
542.48 35.4345
542.39 43.2368
542.3 46.3041
542.21 41.6524
542.12 27.9495
542.03 43.5055
541.94 36.8109
541.85 37.6713
541.76 31.9176
541.67 36.7374
541.58 40.9705
541.49 42.2062
541.4 32.26
541.31 39.662
541.22 50.4508
541.13 23.5081
541.04 39.8298
540.95 40.7141
540.86 46.4056
540.77 40.7149
540.68 35.1604
540.59 43.7384
540.5 43.8489
540.41 41.4108
540.32 36.0384
540.23 36.5828
540.14 44.5433
540.05 41.5987
539.96 35.1528
539.87 38.3798
539.78 48.6903
539.69 40.3365
539.6 35.9295
539.51 39.4556
539.42 35.9659
539.33 32.8952
539.24 33.1843
539.15 41.4344
539.06 41.3014
538.97 46.9958
538.88 54.8566
538.79 43.6026
538.7 44.094
538.61 41.9729
538.52 39.1705
538.43 36.6578
538.34 26.403
538.25 36.0199
538.16 28.5817
538.07 43.8561
537.98 36.3777
537.89 33.6357
537.8 29.8516
537.71 45.1383
537.62 44.6958
537.53 52.0071
537.44 49.8895
537.35 46.8359
537.26 35.0234
537.17 40.5829
537.08 42.9301
536.99 37.557
536.9 38.6086
536.81 39.5615
536.72 34.0559
536.63 36.2838
536.54 41.4258
536.45 38.0746
536.36 38.18
536.27 48.8014
536.18 37.6972
536.09 40.1628
536 34.5339
535.91 39.1404
535.82 32.1113
535.73 32.0927
535.64 46.6105
535.55 35.5412
535.46 35.0102
535.37 21.6283
535.28 26.5402
535.19 36.9674
535.1 40.193
535.01 37.3376
534.92 37.0593
534.83 38.0782
534.74 37.3848
534.65 37.9691
534.56 39.1334
534.47 42.7356
534.38 43.4453
534.29 47.0197
534.2 41.1147
534.11 41.4127
534.02 46.3601
533.93 39.2455
533.84 38.9725
533.75 39.0368
533.66 36.6084
533.57 49.789
533.48 40.8247
533.39 39.6016
533.3 43.9343
533.21 35.2371
533.12 36.7167
533.03 44.1029
532.94 44.7523
532.85 40.6049
532.76 41.8715
532.67 41.969
532.58 39.5139
532.49 39.7615
532.4 45.1397
532.31 41.0926
532.22 35.2969
532.13 35.4878
532.04 33.1365
531.95 35.7213
531.86 36.8231
531.77 37.1897
531.68 36.0862
531.59 44.6434
531.5 36.5508
531.41 38.6548
531.32 33.4535
531.23 35.288
531.14 32.098
531.05 41.6777
530.96 36.1548
530.87 35.1689
530.78 37.7121
530.69 34.0913
530.6 39.5619
530.51 41.5403
530.42 41.408
530.33 41.7462
530.24 42.7826
530.15 43.4852
530.06 33.9887
529.97 34.509
529.88 37.4242
529.79 41.3579
529.7 28.7008
529.61 34.2554
529.52 37.7793
529.43 37.9164
529.34 33.6977
529.25 32.2058
529.16 29.0046
529.07 31.5604
528.98 32.4488
528.89 33.5742
528.8 31.8778
528.71 39.7252
528.62 33.9147
528.53 35.2846
528.44 36.8451
528.35 29.2015
528.26 37.4804
528.17 35.9843
528.08 32.4762
527.99 32.0147
527.9 42.5034
527.81 44.5697
527.72 34.053
527.63 36.074
527.54 41.7213
527.45 30.4251
527.36 30.3717
527.27 29.8604
527.18 32.6232
527.09 26.9067
527 36.6755
526.91 34.9514
526.82 37.9946
526.73 36.7647
526.64 44.7908
526.55 38.0295
526.46 25.6033
526.37 30.4719
526.28 31.7115
526.19 36.5971
526.1 31.3364
526.01 31.784
525.92 33.2287
525.83 36.5596
525.74 37.6802
525.65 33.5899
525.56 35.5335
525.47 34.1897
525.38 33.318
525.29 24.7634
525.2 27.5528
525.11 34.3837
525.02 32.8822
524.93 26.241
524.84 32.9922
524.75 44.949
524.66 40.8828
524.57 29.8764
524.48 36.4335
524.39 37.6187
524.3 29.8795
524.21 33.0842
524.12 33.3416
524.03 37.5595
523.94 43.1959
523.85 38.0676
523.76 32.9959
523.67 32.8254
523.58 35.2727
523.49 33.8345
523.4 36.5191
523.31 38.1109
523.22 38.7284
523.13 43.6311
523.04 39.5892
522.95 42.0114
522.86 34.0048
522.77 32.8099
522.68 30.3376
522.59 30.9223
522.5 29.6196
522.41 33.7321
522.32 37.484
522.23 39.9661
522.14 39.2025
522.05 38.978
521.96 33.106
521.87 29.9404
521.78 41.7811
521.69 39.7399
521.6 34.3759
521.51 33.0964
521.42 35.32
521.33 40.8627
521.24 43.0225
521.15 41.9235
521.06 35.1342
520.97 33.2007
520.88 40.2567
520.79 41.5477
520.7 33.115
520.61 27.2921
520.52 34.7237
520.43 40.1256
520.34 37.4352
520.25 34.1531
520.16 35.4458
520.07 30.496
519.98 36.3667
519.89 29.3356
519.8 33.0733
519.71 43.2563
519.62 34.2265
519.53 32.2812
519.44 37.5279
519.35 33.0692
519.26 35.1178
519.17 32.7257
519.08 27.4684
518.99 31.0219
518.9 35.074
518.81 32.9599
518.72 36.2489
518.63 40.4686
518.54 38.7272
518.45 35.3067
518.36 40.1547
518.27 46.7056
518.18 40.0923
518.09 33.6035
518 32.2328
517.91 29.019
517.82 39.3298
517.73 35.2271
517.64 33.8882
517.55 31.5754
517.46 43.0325
517.37 37.8495
517.28 36.74
517.19 39.5639
517.1 32.9267
517.01 28.5275
516.92 32.4534
516.83 35.2197
516.74 39.6269
516.65 36.3424
516.56 35.8169
516.47 32.9763
516.38 33.3779
516.29 36.1414
516.2 34.972
516.11 30.4384
516.02 32.4459
515.93 31.5365
515.84 36.0659
515.75 33.6454
515.66 42.3753
515.57 35.5875
515.48 44.3346
515.39 33.5577
515.3 34.1589
515.21 40.8439
515.12 43.2772
515.03 29.5974
514.94 35.075
514.85 33.7381
514.76 37.6572
514.67 40.1458
514.58 36.3587
514.49 32.7099
514.4 35.132
514.31 38.1276
514.22 35.1311
514.13 37.9674
514.04 37.2223
513.95 34.5579
513.86 33.9069
513.77 30.5504
513.68 31.8555
513.59 34.8892
513.5 36.6821
513.41 35.2562
513.32 43.6511
513.23 36.4343
513.14 33.3439
513.05 40.6245
512.96 36.9228
512.87 35.9726
512.78 40.0193
512.69 42.0134
512.6 36.6262
512.51 37.1744
512.42 40.0394
512.33 32.9727
512.24 36.5979
512.15 37.5663
512.06 33.3342
511.97 36.061
511.88 40.048
511.79 33.5903
511.7 38.841
511.61 34.5228
511.52 34.9492
511.43 41.2967
511.34 40.1347
511.25 34.8681
511.16 35.396
511.07 34.1761
510.98 35.2206
510.89 34.5989
510.8 38.1554
510.71 36.3155
510.62 41.4885
510.53 42.7975
510.44 41.5762
510.35 40.139
510.26 37.1296
510.17 41.4093
510.08 45.3009
509.99 46.1548
509.9 42.2228
509.81 47.3653
509.72 52.9749
509.63 59.5185
509.54 61.758
509.45 66.1735
509.36 74.0604
509.27 81.698
509.18 90.6979
509.09 108.39
509 133.334
508.91 152.962
508.82 162.439
508.73 173.805
508.64 166.917
508.55 161.378
508.46 159.865
508.37 145.573
508.28 136.194
508.19 122.951
508.1 104.403
508.01 86.6187
507.92 73.164
507.83 67.2807
507.74 60.9377
507.65 54.6261
507.56 51.8844
507.47 51.6864
507.38 57.5511
507.29 46.9195
507.2 38.3745
507.11 41.0413
507.02 36.1319
506.93 35.7729
506.84 37.9795
506.75 37.49
506.66 40.4839
506.57 38.3729
506.48 37.366
506.39 37.39
506.3 36.1218
506.21 33.2744
506.12 41.0393
506.03 42.5193
505.94 39.1638
505.85 37.1829
505.76 36.9078
505.67 40.6169
505.58 40.331
505.49 37.1504
505.4 35.1462
505.31 40.1542
505.22 44.2632
505.13 38.5025
505.04 41.8207
504.95 38.6211
504.86 40.7757
504.77 42.9334
504.68 39.6802
504.59 49.8648
504.5 50.8126
504.41 54.6017
504.32 56.3773
504.23 57.9642
504.14 61.9369
504.05 75.7313
503.96 83.3827
503.87 90.4325
503.78 83.4272
503.69 87.8285
503.6 84.8579
503.51 78.0054
503.42 74.8362
503.33 69.4888
503.24 68.4473
503.15 57.4059
503.06 48.5786
502.97 40.9154
502.88 45.6825
502.79 49.4432
502.7 49.8192
502.61 44.2815
502.52 52.1457
502.43 50.6961
502.34 43.8269
502.25 47.5155
502.16 46.5331
502.07 38.8301
501.98 37.6069
501.89 37.5807
501.8 40.9065
501.71 51.8259
501.62 47.4044
501.53 42.4659
501.44 42.5178
501.35 44.8465
501.26 50.3949
501.17 40.0021
501.08 39.7167
500.99 41.1656
500.9 44.0689
500.81 36.5675
500.72 46.6882
500.63 47.0224
500.54 35.183
500.45 39.6136
500.36 47.2354
500.27 41.2897
500.18 40.2893
500.09 41.9871
500 49.0397
499.91 39.3443
499.82 42.311
499.73 40.1644
499.64 41.3249
499.55 40.9404
499.46 39.3375
499.37 33.9849
499.28 38.8991
499.19 46.2994
499.1 41.2542
499.01 43.9577
498.92 41.3452
498.83 37.8777
498.74 46.9755
498.65 51.66
498.56 45.3303
498.47 49.3158
498.38 42.6394
498.29 43.0678
498.2 48.3038
498.11 47.1404
498.02 40.0935
497.93 39.911
497.84 41.9113
497.75 45.8835
497.66 48.473
497.57 47.4919
497.48 49.7768
497.39 50.2808
497.3 45.3526
497.21 45.4646
497.12 37.5131
497.03 46.2471
496.94 43.4132
496.85 38.7609
496.76 42.9867
496.67 47.9264
496.58 43.3015
496.49 34.1477
496.4 45.1531
496.31 41.8099
496.22 33.0616
496.13 37.7792
496.04 37.7831
495.95 35.9292
495.86 39.4779
495.77 37.0124
495.68 34.5748
495.59 49.0604
495.5 46.4812
495.41 38.747
495.32 42.3625
495.23 44.7939
495.14 36.8774
495.05 32.283
494.96 31.7062
494.87 46.0547
494.78 41.693
494.69 53.3752
494.6 47.2638
494.51 57.038
494.42 48.1042
494.33 50.408
494.24 54.3694
494.15 53.3539
494.06 58.884
493.97 56.1851
493.88 59.0396
493.79 53.7417
493.7 62.7302
493.61 58.7457
493.52 54.5224
493.43 49.905
493.34 43.6311
493.25 47.8047
493.16 56.5871
493.07 51.4118
492.98 46.5709
492.89 48.4207
492.8 49.467
492.71 50.1869
492.62 46.1907
492.53 41.7295
492.44 42.5167
492.35 43.8036
492.26 44.4095
492.17 40.2567
492.08 38.0771
491.99 38.9915
491.9 49.1313
491.81 40.1258
491.72 44.7133
491.63 46.2489
491.54 40.1479
491.45 30.7777
491.36 33.9937
491.27 37.5458
491.18 44.4788
491.09 43.2133
491 34.6458
490.91 41.3315
490.82 42.3045
490.73 49.8173
490.64 52.3752
490.55 49.0958
490.46 47.6847
490.37 49.1286
490.28 42.7885
490.19 38.1392
490.1 40.0104
490.01 39.822
489.92 51.6826
489.83 50.2399
489.74 39.121
489.65 37.2431
489.56 44.9869
489.47 46.5746
489.38 41.0926
489.29 39.3356
489.2 38.3589
489.11 36.4231
489.02 44.4666
488.93 35.1383
488.84 38.9425
488.75 43.7946
488.66 36.5818
488.57 34.0464
488.48 29.4701
488.39 33.0272
488.3 38.0295
488.21 41.4865
488.12 37.2689
488.03 38.1542
487.94 35.6809
487.85 39.7425
487.76 35.4096
487.67 40.5869
487.58 37.4944
487.49 32.1374
487.4 34.6608
487.31 31.8735
487.22 40.1665
487.13 31.5216
487.04 25.8655
486.95 36.7385
486.86 43.857
486.77 39.6236
486.68 34.9131
486.59 26.4145
486.5 26.2874
486.41 35.1025
486.32 42.7793
486.23 31.4855
486.14 33.4572
486.05 43.0313
485.96 30.683
485.87 30.0489
485.78 33.8961
485.69 36.4639
485.6 28.6539
485.51 37.8672
485.42 39.4068
485.33 33.1323
485.24 37.7237
485.15 36.28
485.06 24.8889
484.97 30.083
484.88 40.1633
484.79 38.7994
484.7 30.1103
484.61 34.0615
484.52 33.5907
484.43 32.8426
484.34 25.1235
484.25 30.3962
484.16 42.8189
484.07 37.9636
483.98 42.4748
483.89 33.083
483.8 35.9242
483.71 35.3545
483.62 26.8578
483.53 29.8522
483.44 31.8425
483.35 29.6402
483.26 37.7939
483.17 41.9532
483.08 44.5703
482.99 43.7231
482.9 35.3349
482.81 35.1079
482.72 28.7407
482.63 23.6929
482.54 36.8253
482.45 29.4423
482.36 24.7414
482.27 26.1207
482.18 35.5542
482.09 27.485
482 40.8358
481.91 36.2925
481.82 34.0282
481.73 29.9856
481.64 37.2909
481.55 38.0566
481.46 23.8733
481.37 25.5976
481.28 28.8431
481.19 34.6263
481.1 33.7206
481.01 33.2213
480.92 26.9546
480.83 35.9211
480.74 22.2301
480.65 30.3277
480.56 47.4683
480.47 43.572
480.38 35.95
480.29 34.097
480.2 34.7008
480.11 36.4351
480.02 31.4535
479.93 34.5506
479.84 40.9183
479.75 36.8067
479.66 27.7664
479.57 27.0578
479.48 37.305
479.39 35.42
479.3 23.9137
479.21 35.6927
479.12 36.8315
479.03 30.6171
478.94 29.1052
478.85 30.1229
478.76 33.0663
478.67 37.1619
478.58 40.1279
478.49 45.3781
478.4 45.3886
478.31 44.6585
478.22 27.7252
478.13 37.9683
478.04 26.588
477.95 13.9245
477.86 34.0947
477.77 30.0506
477.68 22.7726
477.59 26.5684
477.5 18.905
477.41 41.6847
477.32 40.7481
477.23 31.0268
477.14 29.7292
477.05 35.7433
476.96 28.9387
476.87 43.5622
476.78 34.6779
476.69 15.7205
476.6 32.9936
476.51 49.86
476.42 36.0901
476.33 43.0533
476.24 38.5021
476.15 26.0406
476.06 29.8307
475.97 33.6833
475.88 38.9859
475.79 43.456
475.7 37.4582
475.61 41.4067
475.52 39.3805
475.43 25.4939
475.34 32.2743
475.25 35.4527
475.16 37.8415
475.07 33.2609
474.98 17.2896
474.89 28.8777
474.8 34.3343
474.71 35.2807
474.62 48.2205
474.53 36.7279
474.44 35.89
474.35 23.7732
474.26 28.6326
474.17 31.9451
474.08 29.8954
473.99 35.0829
473.9 33.3588
473.81 29.405
473.72 37.2466
473.63 48.8054
473.54 46.2786
473.45 30.1586
473.36 34.023
473.27 47.9891
473.18 48
473.09 29.1202
473 37.5659
472.91 32.382
472.82 28.1717
472.73 42.9582
472.64 35.5009
472.55 31.5643
472.46 26.0474
472.37 27.5164
472.28 34.3948
472.19 26.1119
472.1 32.0655
472.01 29.2117
471.92 26.7747
471.83 34.6376
471.74 36.9916
471.65 34.6903
471.56 25.3775
471.47 33.2683
471.38 35.4953
471.29 30.9092
471.2 36.4618
471.11 24.531
471.02 24.1661
470.93 27.9232
470.84 29.6465
470.75 36.2281
470.66 35.2085
470.57 29.5426
470.48 37.0985
470.39 51.3367
470.3 40.1734
470.21 31.9111
470.12 40.6244
470.03 32.8501
469.94 32.0546
469.85 37.8439
469.76 50.6977
469.67 40.1242
469.58 29.0817
469.49 36.5757
469.4 26.2925
469.31 31.369
469.22 33.7814
469.13 35.4551
469.04 31.7685
468.95 40.7154
468.86 39.2909
468.77 28.1471
468.68 38.561
468.59 48.8199
468.5 44.9401
468.41 25.4942
468.32 32.4958
468.23 38.9286
468.14 31.3419
468.05 31.6313
467.96 38.9489
467.87 22.0924
467.78 37.6314
467.69 19.1388
467.6 39.7018
467.51 57.6316
467.42 32.8913
467.33 27.3957
467.24 39.6884
467.15 32.9483
467.06 38.5921
466.97 43.482
466.88 40.6172
466.79 55.4416
466.7 53.9887
466.61 24.9324
466.52 23.0062
466.43 46.9802
466.34 17.037
466.25 16.5964
466.16 34.0495
466.07 25.7013
465.98 23.0719
465.89 54.5337
465.8 36.8203
465.71 42.7793
465.62 32.0688
465.53 44.4436
465.44 28.6359
465.35 27.7583
465.26 42.8115
465.17 38.4761
465.08 21.126
464.99 35.6122
464.9 42.3604
464.81 27.6253
464.72 23.3218
464.63 18.427
464.54 41.2672
464.45 11.2108
464.36 42.2677
464.27 23.4817
464.18 30.2068
464.09 40.7645
464 41.8017
463.91 30.725
463.82 39.5416
463.73 24.3653
463.64 19.2819
463.55 49.4643
463.46 40.5661
463.37 56.5027
463.28 48.7776
463.19 27.5772
463.1 39.6811
463.01 48.9968
462.92 17.9288
462.83 41.6756
462.74 55.9281
462.65 49.5313
462.56 26.63
462.47 32.304
462.38 31.0849
462.29 20.3641
462.2 37.3797
462.11 52.3038
462.02 47.7671
461.93 20.0959
461.84 48.3445
461.75 40.9973
461.66 25.3813
461.57 38.8275
461.48 39.393
461.39 63.67
461.3 10.4448
461.21 38.1167
461.12 60.2851
461.03 55.835
460.94 60.841
460.85 30.7001
460.76 25.6731
460.67 7.15823
460.58 53.859
460.49 33.7362
460.4 30.4682
460.31 41.7927
460.22 50.6654
460.13 21.976
460.04 15.485
459.95 41.8695
459.86 34.1101
459.77 47.7243
459.68 65.2387
459.59 1.13108
459.5 30.3264
459.41 41.6325
459.32 19.023
459.23 31.3339
459.14 28.1156
459.05 37.1248
458.96 60.4496
458.87 33.4349
458.78 52.5765
458.69 70.6917
458.6 49.4145
458.51 0.0767975
458.42 19.1944
458.33 33.9055
458.24 63.4461
458.15 4.96468
458.06 41.6781
457.97 35.5594
457.88 -15.1863
457.79 7.70313
457.7 -6.30776
457.61 7.73009
457.52 -4.25814
457.43 44.7592
457.34 24.9144
457.25 59.2106
457.16 63.1579
457.07 37.7213
456.98 17.4511
456.89 -1.26181
456.8 8.46057
456.71 -5.8742
456.62 10.9544
456.53 35.7937
456.44 32.788
456.35 67.6056
456.26 32.3326
456.17 14.9474
456.08 64.1457
455.99 -12.1604
455.9 55.5609
455.81 -2.20085
455.72 54.6393
455.63 52.4338
455.54 68.561
455.45 14.605
455.36 47.29
455.27 83.3149
455.18 39.9696
455.09 -35.1884
455 37.1508
454.91 41.5659
454.82 56.1889
454.73 56.1965
454.64 42.1195
454.55 20.6021
454.46 54.1443
454.37 48.2324
454.28 38.7404
454.19 57.5771
454.1 19.7316
454.01 53.2722
453.92 57.6687
453.83 24.0104
453.74 61.69
453.65 -3.18436
453.56 15.0705
453.47 2.99905
453.38 82.5374
453.29 51.637
453.2 36.0866
453.11 61.6601
453.02 -24.8205
452.93 -11.7033
452.84 49.0688
452.75 45.3888
452.66 36.4847
452.57 31.3593
452.48 38.7241
452.39 153.727
452.3 69.0545
452.21 33.7817
452.12 50.6854
452.03 9.77471
451.94 74.3979
451.85 20.1005
451.76 34.2458
451.67 9.30505
451.58 14.8541
451.49 15.9688
451.4 -38.3726
451.31 31.9703
451.22 40.0992
451.13 20.338
451.04 52.5627
450.95 43.0393
450.86 32.2791
450.77 -1.09854
450.68 2.83294
450.59 7.39682
450.5 -6.12344
450.41 6.15423
450.32 -25.1458
450.23 -9.39464
450.14 60.036
450.05 -36.3343
449.96 97.3808
449.87 107.343
449.78 21.1823
449.69 -82.5801
449.6 30.0991
449.51 174.71
449.42 34.1017
449.33 -47.0768
449.24 -90.4107
449.15 -9.79368
449.06 40.9348
448.97 48.9018
448.88 45.093
448.79 19.7323
448.7 68.1123
448.61 39.6188
448.52 117.664
448.43 52.7993
448.34 20.6702
448.25 11.3161
448.16 -66.6914
448.07 13.235
447.98 85.7312
447.89 -32.2331
447.8 22.1612
447.71 144.024
447.62 7.12928
447.53 -27.3797
447.44 19.8222
447.35 71.9669
447.26 100.31
447.17 -52.8281
447.08 35.8703
446.99 85.8534
446.9 45.2341
446.81 -0.93699
446.72 -56.3472
446.63 142.945
446.54 -40.6631
446.45 -53.0484
446.36 -15.4708
446.27 -11.6046
446.18 94.0511
446.09 10.7091
446 61.2024
445.91 95.4765
445.82 19.5228
445.73 25.6123
445.64 0.0976606
445.55 16.8522
445.46 77.7407
445.37 -36.4898
445.28 59.3203
445.19 46.4281
445.1 29.3735
445.01 18.1426
444.92 17.9422
444.83 0.659026
444.74 66.3616
444.65 85.5766
444.56 111.63
444.47 130.77
444.38 145.338
444.29 49.9415
444.2 -55.2067
444.11 37.9837
444.02 149.863
443.93 17.508
443.84 100.402
443.75 48.9929
443.66 21.6712
443.57 -23.0338
443.48 -2.65425
443.39 138.628
443.3 5.23853
443.21 111.391
443.12 180.05
443.03 115.408
442.94 102.046
442.85 146.682
442.76 133.237
442.67 89.9261
442.58 117.869
442.49 22.4442
442.4 -5.84777
442.31 -22.9605
442.22 -151.997
442.13 6.39777
442.04 72.209
441.95 103.892
441.86 79.5485
441.77 33.3075
441.68 52.4264
441.59 21.563
441.5 104.861
441.41 -13.2507
441.32 -51.3546
441.23 114.313
441.14 163.625
441.05 -4.44879
440.96 -29.6147
440.87 106.728
440.78 120.25
440.69 72.2495
440.6 94.481
440.51 -0.0416762
440.42 -40.536
440.33 -83.0058
440.24 33.851
440.15 125.868
440.06 47.8416
439.97 120.259
439.88 16.0049
439.79 -72.5682
439.7 -48.0525
439.61 200.564
439.52 89.2883
439.43 -52.8843
439.34 36.3779
439.25 68.4452
439.16 16.7705
439.07 -3.69249
438.98 -80.2263
438.89 -138.325
438.8 19.7801
438.71 43.9884
438.62 10.8837
438.53 36.0497
438.44 12.9969
438.35 0.0994085
438.26 116.508
438.17 31.8241
438.08 30.963
437.99 -206.373
437.9 38.5563
437.81 -15.3469
437.72 -86.5437
437.63 -36.0147
437.54 126.272
437.45 182.831
437.36 49.9043
437.27 67.0342
437.18 59.1444
437.09 111.419
437 -61.8716
436.91 123.395
436.82 81.6521
436.73 12.5996
436.64 -99.9881
436.55 0.910803
436.46 12.074
436.37 90.4341
436.28 -77.4733
436.19 62.7291
436.1 209.677
436.01 -238.882
435.92 -271.461
435.83 -95.7373
435.74 13.1605
435.65 175.35
435.56 -257.832
435.47 -143.571
435.38 429.131
435.29 316.15
435.2 -96.9888
435.11 211.052
435.02 126.873
434.93 -119.419
434.84 -265.979
434.75 -201.15
434.66 87.5015
434.57 159.432
434.48 32.5921
434.39 127.504
434.3 323.025
434.21 -295.941
434.12 -84.8274
434.03 -239.838
433.94 -197.621
433.85 164.103
433.76 275.315
433.67 504.682
433.58 503.774
433.49 88.8952
433.4 -387.968
433.31 -329.644
433.22 503.52
433.13 -16.2959
433.04 131.088
432.95 29.9314
432.86 403.802
432.77 234.889
432.68 189.677
432.59 513.888
432.5 445.327
432.41 48.3778
432.32 219.45
432.23 205.104
432.14 85.1394
432.05 556.113
431.96 406.331
431.87 680.515
431.78 379.22
431.69 596.656
431.6 125.844
431.51 292.18
431.42 -116.866
431.33 49.3242
431.24 -651.068
431.15 281.772
431.06 95.0682
430.97 -297.407
430.88 359.156
430.79 179.901
430.7 -220.853
430.61 225.332
430.52 582.821
430.43 -34.4251
430.34 297.147
430.25 161.24
430.16 1772.41
430.07 146.285
429.98 -1396.31
429.89 -1208.26
429.8 -398.352
429.71 2156
429.62 -1144.71
429.53 -2017.71
429.44 1525.07
429.35 407.924
429.26 340.773
429.17 -431.093
429.08 969.219
428.99 -1296.4
428.9 -458.984
428.81 632.896
428.72 1600.1
428.63 2200.18
428.54 3727.83
428.45 731.444
428.36 -1870.07
428.27 210.49
428.18 -645.394
428.09 -2251.25
428 -2037.76
427.91 -2362.45
427.82 2053.81
427.73 -621.979
427.64 -3502.64
427.55 -2278.47
427.46 -860.904
427.37 -3628.36
427.28 -3184.1
427.19 -343.103
427.1 -338.994
427.01 -774.525
426.92 -516.887
426.83 -981.226
426.74 5346.11
426.65 -763.326
426.56 -4160.93
426.47 -1130.14
426.38 2636.79
426.29 5670.32
426.2 4122.64
426.11 3181.71
426.02 -687.14
425.93 -1816
425.84 1162.2
425.75 973.576
425.66 -1339.18
425.57 666.285
425.48 576.727
425.39 -3065.74
425.3 -2485.79
425.21 -2900.15
425.12 516.846
425.03 -1089.53
424.94 -1430.28
424.85 1669.95
424.76 -3293.79
424.67 319.22
424.58 -4401.15
424.49 6896.73
424.4 3680.95
424.31 1859.82
424.22 -645.978
424.13 -3227.04
424.04 -3851.33
423.95 3956.86
423.86 -6101.09
423.77 -7365.31
423.68 -3162.18
423.59 -2701.22
423.5 -3798.51
423.41 4572.87
423.32 -994.617
423.23 -320.716
423.14 -2235.5
423.05 3128.92
422.96 1963.3
422.87 -13793.7
422.78 -1156.06
422.69 -1765.11
422.6 -2339.51
422.51 -8589.97
422.42 2359.21
422.33 1886.69
422.24 -6457.83
422.15 -7007.09
422.06 3839.36
421.97 -516.836
421.88 -5955.63
421.79 -2866.56
421.7 -9891.36
421.61 -6877.89
421.52 -1665.57
421.43 -6819.89
421.34 4939.5
421.25 5873.5
421.16 -2754.09
421.07 -3364.29
420.98 -7216.76
420.89 1142.97
420.8 -3971.72
420.71 -4624.61
420.62 -5325.88
420.53 -8181.19
420.44 5669.71
420.35 -1512.14
420.26 -5214.11
420.17 8409.26
420.08 -5566.34
419.99 -4197.46
419.9 -3806.19
419.81 2761.52
419.72 -2794.8
419.63 -172.683
419.54 12455
419.45 11650.6
419.36 6027.52
419.27 -3008.81
419.18 -3171.65
419.09 -3592.79
419 -3293.63
418.91 -6972.71
418.82 5834.63
418.73 -5035.27
418.64 -1947.61
418.55 7658.23
418.46 6570.21
418.37 -6503.76
418.28 5174.93
418.19 6950.79
418.1 4349.23
418.01 -9761.01
417.92 -7615.03
417.83 -949.564
417.74 -13721.3
417.65 3232.26
417.56 633.58
417.47 -114.034
417.38 -1343.2
417.29 -6177.36
417.2 -5650.63
417.11 -4479.32
417.02 -376.361
416.93 1788.97
416.84 -6770.49
416.75 -10348
416.66 -11384.3
416.57 -1860.81
416.48 217.774
416.39 -8422.23
416.3 4853.39
416.21 3659.37
416.12 611.39
416.03 -3769.72
415.94 -8921.3
415.85 -9006.12
415.76 -6137.75
415.67 -3858.51
415.58 -5130.79
415.49 3347.99
415.4 2577.75
415.31 5877.01
415.22 -2700.64
415.13 5348.51
415.04 -5537.4
414.95 -1068.18
414.86 -2536.7
414.77 -12442.9
414.68 2625.39
414.59 -6529.59
414.5 -20786.8
414.41 -2705.55
414.32 2701.18
414.23 -108.797
414.14 -1120.39
414.05 -9494.71
413.96 -3504.85
413.87 433.982
413.78 -4238.27
413.69 -23068.2
413.6 -6687.97
413.51 -4944.35
413.42 -10569
413.33 2627.31
413.24 -5556.14
413.15 -13040.1
413.06 -8166.5
412.97 9027.05
412.88 2648.94
412.79 7403.57
412.7 -7031.24
412.61 749.966
412.52 -1369.98
412.43 15070.4
412.34 -2837.52
412.25 1088.89
412.16 11479.7
412.07 -19190.3
411.98 -17588
411.89 -19151.1
411.8 3863.59
411.71 3435.76
411.62 -3637.45
411.53 -6034.66
411.44 -7372.77
411.35 4574.4
411.26 -16116.5
411.17 -7890.04
411.08 -10260.5
410.99 -9523.05
410.9 -28455.3
410.81 -34902.9
410.72 -22753.9
410.63 -30578.2
410.54 4429.77
410.45 18278.9
410.36 5930.91
410.27 16683.7
410.18 40403.2
410.09 24594.2
410 34137
409.91 23470.4
409.82 -31565.2
409.73 0
409.64 0
409.55 0
409.46 0
409.37 0
409.28 0
409.19 0
409.1 0
409.01 0
408.92 0
408.83 0
408.74 0
408.65 0
408.56 0
408.47 0
408.38 0
408.29 0
408.2 0
408.11 0
408.02 0
407.93 0
