12057.4 322.8
12057.6 310.0
12057.8 305.5
12058.0 302.6
12058.2 305.8
12058.4 310.1
12058.6 316.4
12058.8 320.7
12059.0 317.5
12059.2 300.7
12059.4 283.2
12059.6 294.5
12059.8 320.3
12060.0 321.7
12060.2 306.3
12060.4 307.0
12060.6 311.7
12060.8 312.5
12061.0 311.4
12061.2 298.6
12061.4 288.5
12061.7 300.5
12061.9 316.4
12062.1 318.1
12062.3 316.4
12062.5 320.6
12062.7 320.0
12062.9 307.2
12063.1 301.7
12063.3 306.4
12063.5 302.3
12063.7 298.6
12063.9 308.6
12064.1 314.3
12064.3 310.2
12064.5 316.7
12064.7 325.9
12064.9 321.4
12065.1 310.9
12065.3 309.4
12065.5 327.1
12065.7 344.2
12065.9 334.2
12066.1 320.1
12066.3 311.6
12066.5 310.8
12066.7 326.1
12066.9 334.4
12067.2 326.2
12067.4 324.4
12067.6 332.8
12067.8 334.3
12068.0 319.0
12068.2 303.5
12068.4 305.1
12068.6 304.7
12068.8 299.2
12069.0 317.7
12069.2 332.4
12069.4 313.3
12069.6 290.9
12069.8 286.2
12070.0 303.1
12070.2 319.3
12070.4 320.0
12070.6 321.7
12070.8 320.9
12071.0 313.5
12071.2 312.2
12071.4 317.9
12071.6 322.9
12071.8 326.4
12072.0 318.6
12072.2 304.6
12072.4 302.9
12072.7 312.0
12072.9 322.6
12073.1 330.6
12073.3 332.3
12073.5 319.4
12073.7 309.4
12073.9 319.5
12074.1 328.2
12074.3 323.9
12074.5 319.4
12074.7 317.7
12074.9 327.1
12075.1 345.8
12075.3 342.5
12075.5 333.6
12075.7 332.8
12075.9 328.3
12076.1 326.6
12076.3 329.5
12076.5 326.6
12076.7 317.1
12076.9 306.7
12077.1 303.6
12077.3 306.8
12077.5 308.2
12077.7 306.7
12077.9 306.0
12078.2 314.7
12078.4 323.9
12078.6 327.2
12078.8 324.4
12079.0 320.8
12079.2 324.5
12079.4 321.1
12079.6 313.3
12079.8 316.4
12080.0 317.8
12080.2 309.0
12080.4 304.8
12080.6 302.9
12080.8 297.5
12081.0 303.3
12081.2 309.6
12081.4 302.1
12081.6 295.7
12081.8 292.5
12082.0 286.9
12082.2 287.7
12082.4 299.6
12082.6 314.4
12082.8 307.5
12083.0 284.9
12083.2 280.7
12083.4 295.2
12083.7 309.3
12083.9 315.9
12084.1 309.2
12084.3 298.9
12084.5 302.0
12084.7 310.6
12084.9 308.2
12085.1 297.3
12085.3 302.3
12085.5 315.8
12085.7 313.3
12085.9 306.2
12086.1 297.6
12086.3 288.1
12086.5 285.1
12086.7 282.6
12086.9 284.9
12087.1 301.2
12087.3 311.6
12087.5 302.6
12087.7 295.5
12087.9 303.6
12088.1 306.7
12088.3 298.8
12088.5 298.2
12088.7 301.3
12088.9 304.0
12089.2 315.2
12089.4 322.0
12089.6 315.5
12089.8 308.3
12090.0 309.1
12090.2 311.4
12090.4 306.4
12090.6 298.6
12090.8 295.4
12091.0 301.1
12091.2 302.5
12091.4 297.3
12091.6 289.0
12091.8 284.8
12092.0 306.4
12092.2 332.2
12092.4 329.1
12092.6 323.4
12092.8 321.0
12093.0 314.1
12093.2 311.4
12093.4 316.6
12093.6 318.9
12093.8 313.7
12094.0 308.1
12094.2 307.5
12094.4 304.7
12094.7 306.3
12094.9 313.4
12095.1 313.9
12095.3 309.0
12095.5 310.2
12095.7 313.3
12095.9 315.7
12096.1 318.0
12096.3 316.4
12096.5 316.0
12096.7 314.2
12096.9 308.9
12097.1 310.5
12097.3 315.5
12097.5 315.3
12097.7 312.4
12097.9 312.7
12098.1 314.9
12098.3 326.1
12098.5 335.5
12098.7 330.0
12098.9 320.5
12099.1 313.7
12099.3 308.0
12099.5 307.2
12099.7 305.3
12099.9 293.0
12100.2 295.3
12100.4 315.9
12100.6 318.9
12100.8 319.2
12101.0 325.5
12101.2 322.4
12101.4 320.6
12101.6 319.8
12101.8 309.7
12102.0 308.8
12102.2 313.0
12102.4 310.8
12102.6 312.2
12102.8 315.2
12103.0 313.5
12103.2 309.1
12103.4 311.1
12103.6 316.1
12103.8 315.5
12104.0 321.8
12104.2 329.5
12104.4 321.7
12104.6 312.2
12104.8 306.1
12105.0 306.2
12105.2 316.2
12105.4 318.1
12105.7 309.8
12105.9 309.6
12106.1 315.4
12106.3 315.4
12106.5 309.4
12106.7 308.6
12106.9 316.3
12107.1 315.6
12107.3 306.5
12107.5 305.9
12107.7 312.3
12107.9 312.5
12108.1 309.8
12108.3 316.1
12108.5 325.9
12108.7 322.6
12108.9 310.9
12109.1 311.3
12109.3 325.3
12109.5 333.7
12109.7 328.0
12109.9 315.9
12110.1 311.6
12110.3 314.7
12110.5 312.8
12110.7 308.5
12110.9 309.2
12111.2 310.3
12111.4 305.7
12111.6 304.7
12111.8 310.0
12112.0 313.9
12112.2 312.6
12112.4 303.4
12112.6 297.7
12112.8 304.4
12113.0 303.8
12113.2 295.1
12113.4 288.0
12113.6 279.0
12113.8 275.1
12114.0 284.2
12114.2 306.5
12114.4 317.4
12114.6 314.7
12114.8 311.4
12115.0 303.5
12115.2 293.9
12115.4 300.2
12115.6 318.0
12115.8 320.0
12116.0 311.7
12116.2 311.2
12116.4 309.9
12116.7 307.8
12116.9 313.1
12117.1 316.2
12117.3 319.2
12117.5 321.2
12117.7 314.7
12117.9 307.9
12118.1 305.5
12118.3 304.6
12118.5 308.2
12118.7 314.2
12118.9 310.4
12119.1 306.9
12119.3 313.4
12119.5 311.6
12119.7 300.3
12119.9 305.4
12120.1 319.1
12120.3 319.2
12120.5 317.9
12120.7 319.6
12120.9 322.6
12121.1 327.5
12121.3 320.3
12121.5 311.0
12121.7 313.9
12121.9 316.0
12122.2 312.5
12122.4 308.8
12122.6 327.8
12122.8 355.4
12123.0 358.9
12123.2 365.7
12123.4 362.8
12123.6 335.3
12123.8 319.3
12124.0 320.0
12124.2 314.6
12124.4 311.8
12124.6 321.3
12124.8 328.6
12125.0 327.1
12125.2 316.0
12125.4 305.7
12125.6 310.1
12125.8 316.8
12126.0 315.1
12126.2 311.1
12126.4 309.9
12126.6 315.7
12126.8 317.3
12127.0 310.7
12127.2 314.3
12127.4 318.1
12127.7 317.4
12127.9 323.7
12128.1 324.1
12128.3 321.6
12128.5 326.8
12128.7 325.3
12128.9 317.6
12129.1 317.2
12129.3 317.6
12129.5 316.5
12129.7 319.3
12129.9 317.4
12130.1 310.9
12130.3 310.0
12130.5 317.3
12130.7 327.4
12130.9 332.4
12131.1 329.4
12131.3 324.4
12131.5 321.8
12131.7 321.1
12131.9 325.8
12132.1 326.0
12132.3 321.3
12132.5 325.9
12132.7 325.3
12132.9 314.4
12133.2 305.8
12133.4 306.9
12133.6 314.0
12133.8 321.6
12134.0 325.2
12134.2 323.6
12134.4 322.7
12134.6 320.0
12134.8 318.5
12135.0 321.1
12135.2 321.4
12135.4 313.4
12135.6 301.6
12135.8 301.5
12136.0 315.6
12136.2 334.9
12136.4 344.4
12136.6 336.5
12136.8 317.1
12137.0 307.2
12137.2 317.1
12137.4 317.3
12137.6 307.4
12137.8 306.6
12138.0 310.3
12138.2 314.4
12138.4 313.1
12138.6 309.3
12138.9 307.3
12139.1 310.7
12139.3 314.3
12139.5 311.3
12139.7 312.8
12139.9 316.6
12140.1 314.5
12140.3 318.1
12140.5 320.4
12140.7 312.4
12140.9 307.1
12141.1 309.5
12141.3 314.1
12141.5 311.6
12141.7 307.2
12141.9 314.2
12142.1 320.5
12142.3 316.2
12142.5 311.1
12142.7 312.4
12142.9 315.8
12143.1 318.5
12143.3 320.9
12143.5 318.6
12143.7 318.9
12143.9 318.3
12144.1 310.9
12144.4 307.5
12144.6 315.7
12144.8 323.9
12145.0 323.0
12145.2 325.2
12145.4 328.6
12145.6 320.6
12145.8 316.9
12146.0 320.0
12146.2 322.3
12146.4 326.7
12146.6 329.7
12146.8 326.1
12147.0 325.4
12147.2 334.6
12147.4 335.5
12147.6 322.3
12147.8 319.4
12148.0 328.5
12148.2 330.0
12148.4 325.0
12148.6 319.7
12148.8 318.9
12149.0 321.4
12149.2 315.4
12149.4 310.0
12149.6 315.7
12149.9 323.0
12150.1 320.9
12150.3 321.1
12150.5 320.6
12150.7 315.3
12150.9 316.9
12151.1 321.6
12151.3 322.1
12151.5 320.4
12151.7 317.1
12151.9 312.9
12152.1 313.2
12152.3 318.2
12152.5 315.8
12152.7 314.9
12152.9 321.1
12153.1 320.1
12153.3 309.9
12153.5 306.3
12153.7 307.7
12153.9 308.8
12154.1 313.8
12154.3 316.4
12154.5 312.6
12154.7 308.4
12154.9 314.2
12155.1 327.5
12155.4 328.9
12155.6 327.9
12155.8 333.3
12156.0 329.9
12156.2 326.0
12156.4 327.0
12156.6 318.1
12156.8 312.1
12157.0 319.6
12157.2 323.2
12157.4 319.0
12157.6 313.6
12157.8 311.5
12158.0 317.2
12158.2 324.8
12158.4 322.2
12158.6 319.4
12158.8 316.6
12159.0 307.7
12159.2 301.1
12159.4 304.5
12159.6 308.7
12159.8 309.2
12160.0 311.6
12160.2 309.4
12160.4 305.2
12160.6 304.7
12160.9 306.5
12161.1 313.4
12161.3 322.5
12161.5 323.9
12161.7 320.1
12161.9 319.2
12162.1 321.7
12162.3 320.7
12162.5 309.0
12162.7 303.8
12162.9 313.2
12163.1 320.7
12163.3 321.6
12163.5 320.3
12163.7 320.8
12163.9 317.7
12164.1 314.7
12164.3 323.1
12164.5 324.8
12164.7 316.1
12164.9 314.5
12165.1 317.2
12165.3 318.6
12165.5 320.5
12165.7 322.4
12165.9 322.9
12166.1 320.5
12166.4 317.2
12166.6 319.1
12166.8 327.0
12167.0 327.7
12167.2 319.3
12167.4 319.9
12167.6 326.7
12167.8 330.6
12168.0 327.7
12168.2 320.9
12168.4 315.8
12168.6 313.9
12168.8 317.6
12169.0 322.9
12169.2 324.8
12169.4 322.9
12169.6 324.7
12169.8 331.1
12170.0 329.3
12170.2 321.0
12170.4 315.8
12170.6 312.6
12170.8 310.6
12171.0 316.3
12171.2 322.5
12171.4 319.7
12171.6 318.9
12171.9 319.8
12172.1 317.4
12172.3 321.2
12172.5 329.9
12172.7 327.1
12172.9 319.6
12173.1 319.3
12173.3 321.9
12173.5 323.5
12173.7 325.3
12173.9 329.4
12174.1 332.0
12174.3 329.6
12174.5 324.4
12174.7 322.0
12174.9 325.1
12175.1 327.8
12175.3 327.4
12175.5 326.9
12175.7 321.8
12175.9 314.5
12176.1 316.8
12176.3 323.0
12176.5 326.2
12176.7 326.2
12176.9 319.4
12177.1 313.7
12177.4 310.8
12177.6 308.3
12177.8 310.2
12178.0 314.7
12178.2 320.0
12178.4 325.4
12178.6 326.2
12178.8 319.1
12179.0 317.6
12179.2 326.3
12179.4 325.3
12179.6 313.3
12179.8 312.6
12180.0 323.0
12180.2 323.4
12180.4 316.5
12180.6 313.2
12180.8 308.9
12181.0 308.1
12181.2 308.6
12181.4 308.3
12181.6 311.4
12181.8 317.1
12182.0 324.0
12182.2 320.9
12182.4 308.6
12182.6 305.8
12182.9 309.9
12183.1 318.2
12183.3 326.5
12183.5 327.6
12183.7 323.0
12183.9 317.6
12184.1 318.4
12184.3 317.1
12184.5 318.2
12184.7 321.7
12184.9 321.2
12185.1 323.7
12185.3 324.3
12185.5 316.7
12185.7 314.0
12185.9 314.7
12186.1 310.8
12186.3 308.1
12186.5 312.3
12186.7 319.5
12186.9 321.2
12187.1 325.2
12187.3 326.7
12187.5 324.2
12187.7 322.4
12187.9 317.4
12188.1 322.2
12188.4 328.7
12188.6 320.1
12188.8 317.0
12189.0 327.8
12189.2 329.8
12189.4 319.3
12189.6 321.4
12189.8 329.4
12190.0 329.4
12190.2 332.5
12190.4 333.9
12190.6 324.0
12190.8 314.6
12191.0 309.6
12191.2 303.3
12191.4 304.3
12191.6 311.9
12191.8 312.2
12192.0 308.9
12192.2 319.0
12192.4 330.3
12192.6 333.3
12192.8 334.3
12193.0 324.1
12193.2 313.3
12193.4 312.7
12193.6 315.6
12193.9 312.6
12194.1 304.9
12194.3 308.3
12194.5 319.7
12194.7 321.7
12194.9 313.6
12195.1 310.2
12195.3 316.6
12195.5 328.2
12195.7 338.6
12195.9 335.5
12196.1 327.5
12196.3 325.7
12196.5 328.6
12196.7 332.1
12196.9 331.2
12197.1 325.1
12197.3 312.3
12197.5 305.9
12197.7 307.4
12197.9 308.8
12198.1 316.4
12198.3 317.1
12198.5 306.8
12198.7 308.1
12198.9 309.3
12199.1 301.2
12199.4 302.9
12199.6 304.6
12199.8 304.7
12200.0 308.9
12200.2 316.9
12200.4 313.5
12200.6 307.0
12200.8 309.2
12201.0 306.9
12201.2 303.8
12201.4 307.7
12201.6 320.1
12201.8 323.2
12202.0 314.9
12202.2 314.4
12202.4 308.7
12202.6 304.2
12202.8 319.8
12203.0 316.6
12203.2 299.0
12203.4 298.9
12203.6 297.0
12203.8 301.2
12204.0 320.8
12204.2 324.3
12204.4 313.9
12204.6 311.2
12204.9 315.2
12205.1 314.6
12205.3 309.5
12205.5 310.5
12205.7 315.6
12205.9 314.9
12206.1 309.6
12206.3 313.5
12206.5 321.1
12206.7 318.6
12206.9 316.5
12207.1 316.0
12207.3 315.0
12207.5 311.8
12207.7 307.3
12207.9 296.7
12208.1 292.6
12208.3 300.3
12208.5 309.1
12208.7 315.0
12208.9 313.1
12209.1 313.8
12209.3 311.0
12209.5 299.1
12209.7 296.2
12209.9 301.4
12210.1 309.3
12210.4 312.5
12210.6 302.7
12210.8 303.8
12211.0 307.3
12211.2 302.1
12211.4 305.9
12211.6 314.8
12211.8 315.1
12212.0 307.0
12212.2 303.9
12212.4 304.3
12212.6 301.5
12212.8 301.1
12213.0 304.5
12213.2 313.6
12213.4 325.8
12213.6 324.9
12213.8 313.5
12214.0 312.2
12214.2 316.1
12214.4 314.2
12214.6 307.2
12214.8 303.4
12215.0 307.2
12215.2 310.4
12215.4 314.0
12215.6 318.6
12215.9 319.0
12216.1 314.8
12216.3 309.1
12216.5 310.0
12216.7 312.0
12216.9 311.8
12217.1 317.5
12217.3 319.9
12217.5 319.4
12217.7 317.0
12217.9 299.6
12218.1 293.6
12218.3 304.0
12218.5 316.8
12218.7 327.8
12218.9 319.9
12219.1 310.8
12219.3 322.2
12219.5 329.3
12219.7 313.9
12219.9 297.7
12220.1 302.9
12220.3 316.2
12220.5 318.1
12220.7 313.5
12220.9 310.4
12221.1 306.7
12221.4 308.3
12221.6 314.1
12221.8 314.1
12222.0 311.9
12222.2 311.1
12222.4 311.1
12222.6 313.9
12222.8 315.1
12223.0 306.7
12223.2 301.3
12223.4 300.7
12223.6 305.8
12223.8 316.2
12224.0 313.6
12224.2 307.6
12224.4 307.9
12224.6 309.7
12224.8 308.1
12225.0 306.9
12225.2 315.5
12225.4 323.4
12225.6 319.9
12225.8 316.2
12226.0 315.6
12226.2 307.7
12226.4 297.7
12226.6 294.0
12226.9 298.3
12227.1 316.6
12227.3 325.3
12227.5 316.4
12227.7 303.8
12227.9 296.4
12228.1 294.7
12228.3 302.9
12228.5 315.3
12228.7 311.2
12228.9 306.4
12229.1 312.8
12229.3 313.6
12229.5 313.0
12229.7 317.3
12229.9 302.9
12230.1 287.7
12230.3 290.9
12230.5 301.6
12230.7 306.9
12230.9 303.5
12231.1 302.3
12231.3 303.9
12231.5 304.8
12231.7 302.8
12231.9 298.4
12232.1 302.6
12232.4 301.7
12232.6 299.6
12232.8 305.7
12233.0 304.7
12233.2 299.6
12233.4 303.6
12233.6 307.0
12233.8 301.0
12234.0 301.4
12234.2 309.6
12234.4 309.4
12234.6 306.3
12234.8 311.2
12235.0 316.0
12235.2 315.5
12235.4 312.0
12235.6 310.1
12235.8 306.0
12236.0 301.7
12236.2 306.3
12236.4 311.9
12236.6 316.8
12236.8 314.9
12237.0 308.2
12237.2 308.7
12237.4 306.5
12237.6 302.1
12237.9 302.8
12238.1 310.1
12238.3 322.0
12238.5 322.7
12238.7 316.7
12238.9 316.4
12239.1 317.9
12239.3 315.2
12239.5 304.5
12239.7 304.9
12239.9 323.5
12240.1 326.7
12240.3 314.9
12240.5 314.9
12240.7 319.6
12240.9 318.2
12241.1 321.1
12241.3 325.1
12241.5 320.5
12241.7 314.9
12241.9 314.9
12242.1 312.0
12242.3 308.7
12242.5 316.4
12242.7 321.5
12242.9 317.3
12243.1 317.0
12243.4 319.6
12243.6 323.1
12243.8 322.9
12244.0 322.4
12244.2 322.9
12244.4 314.7
12244.6 312.2
12244.8 325.6
12245.0 333.0
12245.2 320.2
12245.4 313.2
12245.6 311.9
12245.8 309.3
12246.0 317.3
12246.2 320.0
12246.4 310.1
12246.6 301.6
12246.8 303.9
12247.0 311.9
12247.2 314.7
12247.4 308.2
12247.6 312.4
12247.8 323.7
12248.0 313.8
12248.2 309.8
12248.4 311.6
12248.6 307.0
12248.8 310.3
12249.1 310.7
12249.3 308.8
12249.5 313.2
12249.7 317.7
12249.9 319.4
12250.1 317.1
12250.3 320.1
12250.5 325.7
12250.7 314.4
12250.9 310.2
12251.1 321.4
12251.3 315.4
12251.5 315.8
12251.7 330.2
12251.9 327.0
12252.1 313.2
12252.3 311.4
12252.5 314.5
12252.7 320.5
12252.9 329.3
12253.1 319.3
12253.3 298.2
12253.5 298.1
12253.7 314.7
12253.9 319.3
12254.1 314.8
12254.3 316.2
12254.6 312.0
12254.8 313.5
12255.0 319.1
12255.2 314.3
12255.4 312.0
12255.6 322.7
12255.8 332.9
12256.0 327.3
12256.2 316.0
12256.4 315.8
12256.6 321.9
12256.8 326.1
12257.0 328.3
12257.2 332.1
12257.4 334.5
12257.6 325.3
12257.8 342.3
12258.0 368.5
12258.2 361.4
12258.4 352.7
12258.6 339.0
12258.8 329.4
12259.0 322.7
12259.2 317.4
12259.4 318.9
12259.6 322.6
12259.8 329.7
12260.1 330.6
12260.3 323.2
12260.5 321.3
12260.7 323.9
12260.9 325.7
12261.1 326.9
12261.3 323.3
12261.5 318.0
12261.7 316.1
12261.9 318.3
12262.1 316.9
12262.3 311.6
12262.5 318.1
12262.7 331.6
12262.9 334.9
12263.1 334.4
12263.3 331.9
12263.5 321.4
12263.7 313.5
12263.9 320.1
12264.1 331.9
12264.3 330.4
12264.5 324.3
12264.7 333.3
12264.9 335.8
12265.1 332.5
12265.3 330.8
12265.6 333.0
12265.8 342.9
12266.0 338.5
12266.2 325.3
12266.4 315.3
12266.6 316.4
12266.8 326.3
12267.0 330.9
12267.2 329.1
12267.4 331.3
12267.6 334.2
12267.8 332.3
12268.0 335.0
12268.2 330.2
12268.4 316.8
12268.6 319.0
12268.8 330.2
12269.0 329.3
12269.2 318.0
12269.4 318.4
12269.6 335.6
12269.8 337.9
12270.0 327.3
12270.2 325.0
12270.4 322.1
12270.6 311.6
12270.8 308.5
12271.1 317.9
12271.3 328.8
12271.5 333.1
12271.7 321.9
12271.9 313.2
12272.1 316.6
12272.3 324.4
12272.5 332.0
12272.7 334.5
12272.9 324.3
12273.1 315.0
12273.3 318.1
12273.5 322.4
12273.7 319.6
12273.9 324.9
12274.1 332.1
12274.3 326.5
12274.5 317.5
12274.7 322.1
12274.9 329.3
12275.1 330.9
12275.3 330.2
12275.5 331.2
12275.7 340.0
12275.9 341.1
12276.1 331.4
12276.3 335.9
12276.6 336.7
12276.8 325.1
12277.0 333.3
12277.2 342.4
12277.4 334.5
12277.6 336.8
12277.8 339.8
12278.0 335.1
12278.2 334.6
12278.4 330.5
12278.6 326.2
12278.8 325.3
12279.0 328.7
12279.2 328.8
12279.4 329.2
12279.6 327.3
12279.8 322.1
12280.0 320.2
12280.2 323.0
12280.4 324.2
12280.6 321.7
12280.8 324.0
12281.0 327.7
12281.2 331.6
12281.4 333.1
12281.6 327.3
12281.8 324.6
12282.1 323.5
12282.3 305.3
12282.5 299.3
12282.7 329.8
12282.9 349.9
12283.1 341.0
12283.3 339.1
12283.5 333.5
12283.7 327.2
12283.9 325.9
12284.1 321.1
12284.3 326.6
12284.5 328.0
12284.7 318.8
12284.9 328.1
12285.1 346.5
12285.3 335.4
12285.5 326.2
12285.7 329.6
12285.9 332.0
12286.1 323.2
12286.3 315.3
12286.5 327.2
12286.7 343.3
12286.9 361.2
12287.1 416.3
12287.3 450.9
12287.6 395.4
12287.8 332.7
12288.0 319.2
12288.2 325.0
12288.4 333.0
12288.6 333.3
12288.8 327.6
12289.0 332.0
12289.2 332.6
12289.4 318.8
12289.6 318.6
12289.8 325.8
12290.0 320.5
12290.2 318.8
12290.4 317.6
12290.6 320.7
12290.8 324.3
12291.0 321.8
12291.2 328.6
12291.4 331.2
12291.6 322.6
12291.8 324.3
12292.0 327.1
12292.2 320.8
12292.4 319.7
12292.6 329.3
12292.8 336.0
12293.1 333.0
12293.3 339.8
12293.5 350.7
12293.7 342.5
12293.9 332.6
12294.1 333.1
12294.3 334.6
12294.5 328.8
12294.7 319.0
12294.9 320.8
12295.1 313.7
12295.3 297.7
12295.5 300.7
12295.7 317.5
12295.9 333.2
12296.1 340.3
12296.3 341.3
12296.5 332.7
12296.7 313.3
12296.9 297.8
12297.1 311.3
12297.3 318.9
12297.5 301.3
12297.7 304.9
12297.9 321.2
12298.1 321.4
12298.3 325.4
12298.6 322.0
12298.8 309.2
12299.0 306.0
12299.2 306.5
12299.4 309.2
12299.6 310.1
12299.8 312.5
12300.0 322.8
12300.2 320.7
12300.4 314.6
12300.6 312.1
12300.8 307.7
12301.0 310.5
12301.2 315.1
12301.4 316.7
12301.6 317.0
12301.8 324.4
12302.0 337.4
12302.2 346.5
12302.4 346.9
12302.6 339.3
12302.8 333.5
12303.0 336.3
12303.2 331.8
12303.4 320.6
12303.6 320.5
12303.8 327.1
12304.1 330.7
12304.3 338.2
12304.5 338.1
12304.7 335.3
12304.9 336.8
12305.1 339.9
12305.3 321.4
12305.5 304.6
12305.7 313.7
12305.9 314.8
12306.1 301.8
12306.3 311.8
12306.5 338.2
12306.7 342.8
12306.9 335.8
12307.1 328.6
12307.3 322.5
12307.5 332.6
12307.7 338.6
12307.9 329.3
12308.1 330.2
12308.3 333.7
12308.5 337.4
12308.7 336.0
12308.9 334.3
12309.1 336.6
12309.3 334.8
12309.6 329.8
12309.8 326.7
12310.0 333.2
12310.2 335.5
12310.4 336.3
12310.6 337.1
12310.8 326.7
12311.0 314.4
12311.2 318.0
12311.4 333.7
12311.6 330.2
12311.8 316.2
12312.0 313.6
12312.2 312.4
12312.4 306.0
12312.6 302.7
12312.8 303.0
12313.0 304.4
12313.2 312.5
12313.4 337.9
12313.6 352.9
12313.8 328.7
12314.0 310.3
12314.2 316.4
12314.4 314.7
12314.6 310.3
12314.8 322.2
12315.1 337.2
12315.3 351.3
12315.5 357.0
12315.7 346.5
12315.9 330.3
12316.1 334.6
12316.3 337.0
12316.5 329.4
12316.7 322.4
12316.9 325.8
12317.1 339.5
12317.3 341.6
12317.5 336.1
12317.7 332.3
12317.9 323.3
12318.1 314.5
12318.3 311.5
12318.5 318.7
12318.7 327.7
12318.9 328.8
12319.1 338.0
12319.3 338.7
12319.5 331.4
12319.7 337.7
12319.9 330.9
12320.1 328.9
12320.3 333.3
12320.6 316.9
12320.8 316.7
12321.0 336.3
12321.2 344.1
12321.4 338.9
12321.6 322.9
12321.8 325.9
12322.0 329.5
12322.2 308.6
12322.4 304.0
12322.6 316.4
12322.8 317.8
12323.0 308.4
12323.2 317.4
12323.4 329.1
12323.6 332.4
12323.8 328.0
12324.0 320.7
12324.2 332.6
12324.4 344.2
12324.6 338.0
12324.8 336.3
12325.0 328.1
12325.2 325.9
12325.4 326.5
12325.6 323.3
12325.8 319.0
12326.1 331.8
12326.3 363.5
12326.5 367.0
12326.7 353.5
12326.9 346.3
12327.1 347.2
12327.3 343.5
12327.5 342.0
12327.7 338.8
12327.9 335.5
12328.1 341.7
12328.3 339.1
12328.5 326.7
12328.7 330.4
12328.9 348.9
12329.1 350.1
12329.3 336.9
12329.5 332.2
12329.7 324.3
12329.9 330.5
12330.1 340.2
12330.3 335.4
12330.5 337.3
12330.7 349.6
12330.9 353.1
12331.1 350.1
12331.3 348.9
12331.6 345.4
12331.8 340.4
12332.0 353.8
12332.2 363.7
12332.4 349.5
12332.6 320.2
12332.8 301.9
12333.0 311.7
12333.2 326.4
12333.4 321.7
12333.6 326.7
12333.8 338.8
12334.0 334.3
12334.2 327.9
12334.4 336.5
12334.6 373.2
12334.8 377.9
12335.0 341.2
12335.2 351.5
12335.4 370.8
