12596.8 293.2
12597.0 294.4
12597.2 299.2
12597.4 296.7
12597.6 295.1
12597.8 297.1
12598.1 296.5
12598.3 300.7
12598.5 303.6
12598.7 307.5
12598.9 297.6
12599.1 286.4
12599.3 282.9
12599.5 287.0
12599.8 298.5
12600.0 307.6
12600.2 304.4
12600.4 294.7
12600.6 298.1
12600.8 311.1
12601.0 314.5
12601.3 316.2
12601.5 319.0
12601.7 328.6
12601.9 331.1
12602.1 324.7
12602.3 312.5
12602.5 307.3
12602.7 318.2
12603.0 320.0
12603.2 306.0
12603.4 304.5
12603.6 310.1
12603.8 311.9
12604.0 315.0
12604.2 311.5
12604.4 304.3
12604.7 309.9
12604.9 308.1
12605.1 300.4
12605.3 309.8
12605.5 319.0
12605.7 312.5
12605.9 303.4
12606.1 298.0
12606.4 302.2
12606.6 304.3
12606.8 305.8
12607.0 301.8
12607.2 287.2
12607.4 285.6
12607.6 292.7
12607.8 290.9
12608.1 283.0
12608.3 289.7
12608.5 296.0
12608.7 293.3
12608.9 309.7
12609.1 314.5
12609.3 301.7
12609.5 307.9
12609.8 313.1
12610.0 309.0
12610.2 307.4
12610.4 305.1
12610.6 301.2
12610.8 300.6
12611.0 304.8
12611.2 309.6
12611.5 318.3
12611.7 330.7
12611.9 316.2
12612.1 282.0
12612.3 283.7
12612.5 306.2
12612.7 302.5
12612.9 294.7
12613.2 301.6
12613.4 304.4
12613.6 289.9
12613.8 278.4
12614.0 294.3
12614.2 307.2
12614.4 297.5
12614.6 299.7
12614.9 307.4
12615.1 295.2
12615.3 289.6
12615.5 306.0
12615.7 312.3
12615.9 303.1
12616.1 302.0
12616.3 312.4
12616.6 314.0
12616.8 300.7
12617.0 293.5
12617.2 295.9
12617.4 300.6
12617.6 310.2
12617.8 312.7
12618.0 307.7
12618.3 314.0
12618.5 326.7
12618.7 326.6
12618.9 305.6
12619.1 286.6
12619.3 287.7
12619.5 295.4
12619.7 299.0
12620.0 299.4
12620.2 304.1
12620.4 312.1
12620.6 315.7
12620.8 314.6
12621.0 310.3
12621.2 305.5
12621.4 303.9
12621.7 297.3
12621.9 294.3
12622.1 315.7
12622.3 322.3
12622.5 295.4
12622.7 287.0
12622.9 303.3
12623.1 313.3
12623.4 310.9
12623.6 305.2
12623.8 306.3
12624.0 311.5
12624.2 302.5
12624.4 300.0
12624.6 307.0
12624.9 306.9
12625.1 306.3
12625.3 308.1
12625.5 321.4
12625.7 336.6
12625.9 318.9
12626.1 290.8
12626.3 284.4
12626.6 296.6
12626.8 308.4
12627.0 305.2
12627.2 299.7
12627.4 306.4
12627.6 311.2
12627.8 309.0
12628.0 314.2
12628.3 314.8
12628.5 313.1
12628.7 308.1
12628.9 309.5
12629.1 307.6
12629.3 295.5
12629.5 297.6
12629.7 301.7
12630.0 297.2
12630.2 295.8
12630.4 297.9
12630.6 300.0
12630.8 291.7
12631.0 283.1
12631.2 287.7
12631.4 299.7
12631.7 306.6
12631.9 304.2
12632.1 298.7
12632.3 283.9
12632.5 280.5
12632.7 288.6
12632.9 287.2
12633.1 283.2
12633.4 283.7
12633.6 284.1
12633.8 288.9
12634.0 292.7
12634.2 290.4
12634.4 292.3
12634.6 292.0
12634.8 284.5
12635.1 282.1
12635.3 278.4
12635.5 276.4
12635.7 280.3
12635.9 278.2
12636.1 272.5
12636.3 272.2
12636.5 283.2
12636.8 289.9
12637.0 272.7
12637.2 269.2
12637.4 286.1
12637.6 291.6
12637.8 282.5
12638.0 277.7
12638.2 276.3
12638.5 284.4
12638.7 296.4
12638.9 291.5
12639.1 284.8
12639.3 288.9
12639.5 297.4
12639.7 303.1
12639.9 301.4
12640.2 295.6
12640.4 292.9
12640.6 292.8
12640.8 297.1
12641.0 311.3
12641.2 313.8
12641.4 295.5
12641.6 281.7
12641.9 281.3
12642.1 286.5
12642.3 287.5
12642.5 285.2
12642.7 288.9
12642.9 305.2
12643.1 318.5
12643.3 322.5
12643.6 311.1
12643.8 288.7
12644.0 282.0
12644.2 291.4
12644.4 302.8
12644.6 305.1
12644.8 299.5
12645.0 303.3
12645.3 306.8
12645.5 299.9
12645.7 291.5
12645.9 292.1
12646.1 298.1
12646.3 294.7
12646.5 287.7
12646.7 287.1
12647.0 285.5
12647.2 283.6
12647.4 289.1
12647.6 296.4
12647.8 303.3
12648.0 311.0
12648.2 311.5
12648.5 308.7
12648.7 303.6
12648.9 301.4
12649.1 311.8
12649.3 297.4
12649.5 291.2
12649.7 306.5
12649.9 313.3
12650.2 308.7
12650.4 302.9
12650.6 301.0
12650.8 304.9
12651.0 305.8
12651.2 301.6
12651.4 298.2
12651.6 298.5
12651.9 305.8
12652.1 313.5
12652.3 316.2
12652.5 312.6
12652.7 308.4
12652.9 305.5
12653.1 307.9
12653.3 309.6
12653.6 303.0
12653.8 299.0
12654.0 305.2
12654.2 310.1
12654.4 310.7
12654.6 311.4
12654.8 310.4
12655.0 310.6
12655.3 307.8
12655.5 296.1
12655.7 286.5
12655.9 294.1
12656.1 300.3
12656.3 298.8
12656.5 300.2
12656.7 294.9
12657.0 284.6
12657.2 285.6
12657.4 295.8
12657.6 294.7
12657.8 287.3
12658.0 286.3
12658.2 292.4
12658.4 300.7
12658.7 303.9
12658.9 297.1
12659.1 284.4
12659.3 282.0
12659.5 291.4
12659.7 293.7
12659.9 287.6
12660.1 283.7
12660.4 299.3
12660.6 311.0
12660.8 301.8
12661.0 302.7
12661.2 309.9
12661.4 305.9
12661.6 295.1
12661.8 291.2
12662.1 292.2
12662.3 297.7
12662.5 298.9
12662.7 291.8
12662.9 288.9
12663.1 295.8
12663.3 299.1
12663.5 294.8
12663.8 297.6
12664.0 302.7
12664.2 299.1
12664.4 299.5
12664.6 300.7
12664.8 293.1
12665.0 288.2
12665.2 292.2
12665.5 286.8
12665.7 292.6
12665.9 302.6
12666.1 294.8
12666.3 292.1
12666.5 298.2
12666.7 300.6
12666.9 300.0
12667.2 298.5
12667.4 298.2
12667.6 300.3
12667.8 300.2
12668.0 300.3
12668.2 306.9
12668.4 312.3
12668.6 303.9
12668.9 294.1
12669.1 297.1
12669.3 295.9
12669.5 296.4
12669.7 305.0
12669.9 304.8
12670.1 304.9
12670.4 306.1
12670.6 304.9
12670.8 307.9
12671.0 302.8
12671.2 297.5
12671.4 301.2
12671.6 300.7
12671.8 299.5
12672.1 300.8
12672.3 300.1
12672.5 303.4
12672.7 308.6
12672.9 307.9
12673.1 303.1
12673.3 301.5
12673.5 302.6
12673.8 306.5
12674.0 311.4
12674.2 306.2
12674.4 304.7
12674.6 304.0
12674.8 276.9
12675.0 267.3
12675.2 287.3
12675.5 304.3
12675.7 307.1
12675.9 302.4
12676.1 303.5
12676.3 310.5
12676.5 311.4
12676.7 308.7
12676.9 303.2
12677.2 295.1
12677.4 298.1
12677.6 308.7
12677.8 314.7
12678.0 313.3
12678.2 309.0
12678.4 303.6
12678.6 301.2
12678.9 298.6
12679.1 300.1
12679.3 307.6
12679.5 309.6
12679.7 308.2
12679.9 302.2
12680.1 294.6
12680.3 295.3
12680.6 299.1
12680.8 302.5
12681.0 306.8
12681.2 305.1
12681.4 297.3
12681.6 294.8
12681.8 301.8
12682.0 308.4
12682.3 309.2
12682.5 310.6
12682.7 306.7
12682.9 297.8
12683.1 305.5
12683.3 318.5
12683.5 308.9
12683.7 297.2
12684.0 309.4
12684.2 304.6
12684.4 269.3
12684.6 258.0
12684.8 279.9
12685.0 291.7
12685.2 284.0
12685.4 299.3
12685.7 313.0
12685.9 311.9
12686.1 318.3
12686.3 312.6
12686.5 290.0
12686.7 281.8
12686.9 290.3
12687.1 300.9
12687.4 296.9
12687.6 272.4
12687.8 270.7
12688.0 285.3
12688.2 280.5
12688.4 285.5
12688.6 295.8
12688.8 299.3
12689.1 297.5
12689.3 271.9
12689.5 241.4
12689.7 244.3
12689.9 277.5
12690.1 292.9
12690.3 297.9
12690.5 292.6
12690.8 282.9
12691.0 294.4
12691.2 314.5
12691.4 310.6
12691.6 303.9
12691.8 300.0
12692.0 301.5
12692.2 301.6
12692.5 302.6
12692.7 317.2
12692.9 310.9
12693.1 287.3
12693.3 291.0
12693.5 302.5
12693.7 296.9
12694.0 296.7
12694.2 306.1
12694.4 299.5
12694.6 293.6
12694.8 305.3
12695.0 303.5
12695.2 308.1
12695.4 323.6
12695.7 314.6
12695.9 301.7
12696.1 301.2
12696.3 308.5
12696.5 325.5
12696.7 321.1
12696.9 313.1
12697.1 313.8
12697.4 307.7
12697.6 304.6
12697.8 304.2
12698.0 310.2
12698.2 311.9
12698.4 302.1
12698.6 296.1
12698.8 311.7
12699.1 316.8
12699.3 304.7
12699.5 304.2
12699.7 306.2
12699.9 306.4
12700.1 310.4
12700.3 306.4
12700.5 291.4
12700.8 289.6
12701.0 296.0
12701.2 286.8
12701.4 293.5
12701.6 309.3
12701.8 310.5
12702.0 310.8
12702.2 315.4
12702.5 314.0
12702.7 308.3
12702.9 304.1
12703.1 304.4
12703.3 309.0
12703.5 311.4
12703.7 310.4
12703.9 309.5
12704.2 307.2
12704.4 305.9
12704.6 310.7
12704.8 321.4
12705.0 317.9
12705.2 300.3
12705.4 301.2
12705.6 314.6
12705.9 313.2
12706.1 306.6
12706.3 302.9
12706.5 299.6
12706.7 301.7
12706.9 310.7
12707.1 307.2
12707.3 297.3
12707.6 304.1
12707.8 305.4
12708.0 298.7
12708.2 299.4
12708.4 308.3
12708.6 314.9
12708.8 310.5
12709.0 311.0
12709.3 319.1
12709.5 326.0
12709.7 324.5
12709.9 312.2
12710.1 305.3
12710.3 305.9
12710.5 315.1
12710.7 331.2
12711.0 330.8
12711.2 315.8
12711.4 308.0
12711.6 313.9
12711.8 316.7
12712.0 312.4
12712.2 311.4
12712.4 316.4
12712.7 320.0
12712.9 320.3
12713.1 312.0
12713.3 304.2
12713.5 303.1
12713.7 311.0
12713.9 315.7
12714.1 316.5
12714.4 318.6
12714.6 316.1
12714.8 312.3
12715.0 318.3
12715.2 327.2
12715.4 329.9
12715.6 331.0
12715.8 331.3
12716.1 328.7
12716.3 323.2
12716.5 319.0
12716.7 322.7
12716.9 322.5
12717.1 311.9
12717.3 305.8
12717.6 313.5
12717.8 322.7
12718.0 324.9
12718.2 326.2
12718.4 326.5
12718.6 326.6
12718.8 325.8
12719.0 329.4
12719.3 334.4
12719.5 333.9
12719.7 333.7
12719.9 332.9
12720.1 328.4
12720.3 332.9
12720.5 331.7
12720.7 321.9
12721.0 338.3
12721.2 342.9
12721.4 338.1
12721.6 339.5
12721.8 336.2
12722.0 333.8
12722.2 340.3
12722.4 344.9
12722.7 344.3
12722.9 345.3
12723.1 340.9
12723.3 343.0
12723.5 355.3
12723.7 345.9
12723.9 324.9
12724.1 326.1
12724.4 333.6
12724.6 336.0
12724.8 337.3
12725.0 334.7
12725.2 337.3
12725.4 352.0
12725.6 348.0
12725.8 337.8
12726.1 336.8
12726.3 341.9
12726.5 349.6
12726.7 352.1
12726.9 349.7
12727.1 344.8
12727.3 346.3
12727.5 348.5
12727.8 356.3
12728.0 381.5
12728.2 379.6
12728.4 356.1
12728.6 347.4
12728.8 349.1
12729.0 351.7
12729.2 359.0
12729.5 359.9
12729.7 355.4
12729.9 353.4
12730.1 346.8
12730.3 344.2
12730.5 346.1
12730.7 341.9
12730.9 337.2
12731.2 340.7
12731.4 343.6
12731.6 343.8
12731.8 341.8
12732.0 343.1
12732.2 345.6
12732.4 345.9
12732.6 343.5
12732.9 340.6
12733.1 340.5
12733.3 339.1
12733.5 338.8
12733.7 346.0
12733.9 350.4
12734.1 346.5
12734.3 338.3
12734.6 336.7
12734.8 338.8
12735.0 335.5
12735.2 333.9
12735.4 334.3
12735.6 335.8
12735.8 341.0
12736.0 342.4
12736.3 336.1
12736.5 333.3
12736.7 338.9
12736.9 337.7
12737.1 328.1
12737.3 327.2
12737.5 329.7
12737.7 326.1
12738.0 319.7
12738.2 307.9
12738.4 324.5
12738.6 349.9
12738.8 343.3
12739.0 335.4
12739.2 336.0
12739.5 333.0
12739.7 328.9
12739.9 328.5
12740.1 330.0
12740.3 328.9
12740.5 326.2
12740.7 321.1
12740.9 320.9
12741.2 319.8
12741.4 320.2
12741.6 327.5
12741.8 336.2
12742.0 327.7
12742.2 323.4
12742.4 331.0
12742.6 330.3
12742.9 323.8
12743.1 322.7
12743.3 329.4
12743.5 334.1
12743.7 337.4
12743.9 334.7
12744.1 330.4
12744.3 335.9
12744.6 342.2
12744.8 339.6
12745.0 319.0
12745.2 302.8
12745.4 320.8
12745.6 331.5
12745.8 327.9
12746.0 332.8
12746.3 332.8
12746.5 323.8
12746.7 324.4
12746.9 327.8
12747.1 321.1
12747.3 321.2
12747.5 326.0
12747.7 324.3
12748.0 327.9
12748.2 331.6
12748.4 333.3
12748.6 342.8
12748.8 337.3
12749.0 319.2
12749.2 315.9
12749.4 317.0
12749.7 321.3
12749.9 327.1
12750.1 330.8
12750.3 336.2
12750.5 334.7
12750.7 332.4
12750.9 332.7
12751.1 328.1
12751.4 321.0
12751.6 324.1
12751.8 328.7
12752.0 321.5
12752.2 317.0
12752.4 326.2
12752.6 333.9
12752.8 330.6
12753.1 324.0
12753.3 327.8
12753.5 327.1
12753.7 313.0
12753.9 307.5
12754.1 314.9
12754.3 330.4
12754.5 334.0
12754.8 328.4
12755.0 325.9
12755.2 321.0
12755.4 320.5
12755.6 324.1
12755.8 327.0
12756.0 328.1
12756.2 326.8
12756.5 325.4
12756.7 329.1
12756.9 329.4
12757.1 326.6
12757.3 323.3
12757.5 315.7
12757.7 316.4
12757.9 325.3
12758.2 326.3
12758.4 319.3
12758.6 322.0
12758.8 329.0
12759.0 331.0
12759.2 336.9
12759.4 349.2
12759.6 337.9
12759.9 317.7
12760.1 313.2
12760.3 314.9
12760.5 307.8
12760.7 321.1
12760.9 340.5
12761.1 343.6
12761.3 352.0
12761.6 350.8
12761.8 335.4
12762.0 338.5
12762.2 340.7
12762.4 334.8
12762.6 332.7
12762.8 333.3
12763.1 326.1
12763.3 315.1
12763.5 300.6
12763.7 307.7
12763.9 331.1
12764.1 343.8
12764.3 359.7
12764.5 360.5
12764.8 327.4
12765.0 315.4
12765.2 333.3
12765.4 346.3
12765.6 348.0
12765.8 343.0
12766.0 339.0
12766.2 338.9
12766.5 341.3
12766.7 340.5
12766.9 340.9
12767.1 340.4
12767.3 337.2
12767.5 338.4
12767.7 333.6
12767.9 330.6
12768.2 334.5
12768.4 341.6
12768.6 344.4
12768.8 343.0
12769.0 340.4
12769.2 341.0
12769.4 350.5
12769.6 355.1
12769.9 349.6
12770.1 346.3
12770.3 348.6
12770.5 347.6
12770.7 345.8
12770.9 351.4
12771.1 355.3
12771.3 353.1
12771.6 344.5
12771.8 338.9
12772.0 354.0
12772.2 362.6
12772.4 354.3
12772.6 352.2
12772.8 352.4
12773.0 342.4
12773.3 332.3
12773.5 341.4
12773.7 351.9
12773.9 348.8
12774.1 335.9
12774.3 337.7
12774.5 356.3
12774.7 356.3
12775.0 349.5
12775.2 348.2
12775.4 349.4
12775.6 345.7
12775.8 338.2
12776.0 337.7
12776.2 345.6
12776.4 351.4
12776.7 346.7
12776.9 342.9
12777.1 343.9
12777.3 354.4
12777.5 372.1
12777.7 380.3
12777.9 371.0
12778.1 355.7
12778.4 346.1
12778.6 347.1
12778.8 352.3
12779.0 348.2
12779.2 339.7
12779.4 331.6
12779.6 329.4
12779.8 336.4
12780.1 342.4
12780.3 345.6
12780.5 347.2
12780.7 349.4
12780.9 348.8
12781.1 347.2
12781.3 347.1
12781.5 351.8
12781.8 359.5
12782.0 358.2
12782.2 350.1
12782.4 350.9
12782.6 353.5
12782.8 360.0
12783.0 383.5
12783.2 375.8
12783.5 352.6
12783.7 347.4
12783.9 355.5
12784.1 363.8
12784.3 351.0
12784.5 344.6
12784.7 327.0
12784.9 318.5
12785.2 339.6
12785.4 341.8
12785.6 332.1
12785.8 329.1
12786.0 319.7
12786.2 313.5
12786.4 324.9
12786.7 321.5
12786.9 320.0
12787.1 328.9
12787.3 329.7
12787.5 327.1
12787.7 316.9
12787.9 315.2
12788.1 322.6
12788.4 327.1
12788.6 330.9
12788.8 329.8
12789.0 326.7
12789.2 329.5
12789.4 328.8
12789.6 327.6
12789.8 332.0
12790.1 337.3
12790.3 333.7
12790.5 329.4
12790.7 334.1
12790.9 334.1
12791.1 330.9
12791.3 331.6
12791.5 334.0
12791.8 336.9
12792.0 339.3
12792.2 341.4
12792.4 339.7
12792.6 334.1
12792.8 325.5
12793.0 324.1
12793.2 328.7
12793.5 325.9
12793.7 320.9
12793.9 326.2
12794.1 337.1
12794.3 329.8
12794.5 311.7
12794.7 313.8
12794.9 324.8
12795.2 330.5
12795.4 339.3
12795.6 340.5
12795.8 332.0
12796.0 332.6
12796.2 338.8
12796.4 336.7
12796.6 327.3
12796.9 327.4
12797.1 329.2
12797.3 325.2
12797.5 324.4
12797.7 323.2
12797.9 319.0
12798.1 318.3
12798.3 330.3
12798.6 337.1
12798.8 334.2
12799.0 335.3
12799.2 334.5
12799.4 329.0
12799.6 324.6
12799.8 323.8
12800.0 335.8
12800.3 343.0
12800.5 342.6
12800.7 348.5
12800.9 345.2
12801.1 335.2
12801.3 335.4
12801.5 343.1
12801.7 355.5
12802.0 362.8
12802.2 350.1
12802.4 328.6
12802.6 322.5
12802.8 325.0
12803.0 321.9
12803.2 316.8
12803.4 316.1
12803.7 318.7
12803.9 325.1
12804.1 343.7
12804.3 354.6
12804.5 315.3
12804.7 290.4
12804.9 302.6
12805.1 308.3
12805.4 323.1
12805.6 337.1
12805.8 334.4
12806.0 336.6
12806.2 336.5
12806.4 328.8
12806.6 334.5
12806.8 345.4
12807.1 348.4
12807.3 355.4
12807.5 368.3
12807.7 362.0
12807.9 345.7
12808.1 341.4
12808.3 345.5
12808.6 343.4
12808.8 338.8
12809.0 335.5
12809.2 335.5
12809.4 333.8
12809.6 335.0
12809.8 338.8
12810.0 343.9
12810.3 349.1
12810.5 342.7
12810.7 330.7
12810.9 329.4
12811.1 325.3
12811.3 324.1
12811.5 333.5
12811.7 332.8
12812.0 327.7
12812.2 334.3
12812.4 343.0
12812.6 341.2
12812.8 333.7
12813.0 332.0
12813.2 336.8
12813.4 341.8
12813.7 344.0
12813.9 342.7
12814.1 340.3
12814.3 343.7
12814.5 345.5
12814.7 338.3
12814.9 338.0
12815.1 341.6
12815.4 343.3
12815.6 345.2
12815.8 344.0
12816.0 343.5
12816.2 345.8
12816.4 348.5
12816.6 346.9
12816.8 344.9
12817.1 342.7
12817.3 344.3
12817.5 347.6
12817.7 343.0
12817.9 333.4
12818.1 330.4
12818.3 335.6
12818.5 340.4
12818.8 340.6
12819.0 340.7
12819.2 340.6
12819.4 335.8
12819.6 334.0
12819.8 338.1
12820.0 343.2
12820.2 345.2
12820.5 348.4
12820.7 353.0
12820.9 349.3
12821.1 336.5
12821.3 340.1
12821.5 355.2
12821.7 352.7
12821.9 350.5
12822.2 350.7
12822.4 340.7
12822.6 339.6
12822.8 347.2
12823.0 357.1
12823.2 355.7
12823.4 343.0
12823.6 340.4
12823.9 339.7
12824.1 333.5
12824.3 339.9
12824.5 356.4
12824.7 362.2
12824.9 352.7
12825.1 336.7
12825.3 327.2
12825.6 340.0
12825.8 347.1
12826.0 340.4
12826.2 337.0
12826.4 340.8
12826.6 343.7
12826.8 341.2
12827.0 339.1
12827.3 343.5
12827.5 348.0
12827.7 345.3
12827.9 345.1
12828.1 339.7
12828.3 338.1
12828.5 344.4
12828.7 345.5
12829.0 340.1
12829.2 334.7
12829.4 333.0
12829.6 333.3
12829.8 335.6
12830.0 338.3
12830.2 338.0
12830.4 335.9
12830.7 330.0
12830.9 327.7
12831.1 337.5
12831.3 349.9
12831.5 347.4
12831.7 333.3
12831.9 333.7
12832.2 343.9
12832.4 334.9
12832.6 333.4
12832.8 347.8
12833.0 350.5
12833.2 341.8
12833.4 341.7
12833.6 357.7
12833.9 353.7
12834.1 337.5
12834.3 339.9
12834.5 345.9
12834.7 350.4
12834.9 358.0
12835.1 365.2
12835.3 371.2
12835.6 373.9
12835.8 371.7
12836.0 365.7
12836.2 349.3
12836.4 339.8
12836.6 341.7
12836.8 338.2
12837.0 325.5
12837.3 323.9
12837.5 341.1
12837.7 353.1
12837.9 344.3
12838.1 343.9
12838.3 346.4
12838.5 339.3
12838.7 332.0
12839.0 332.1
12839.2 334.8
12839.4 335.0
12839.6 337.5
12839.8 338.7
12840.0 327.7
12840.2 319.4
12840.4 327.1
12840.7 327.8
12840.9 324.5
12841.1 337.8
12841.3 347.6
12841.5 340.6
12841.7 341.2
12841.9 347.8
12842.1 345.4
12842.4 342.0
12842.6 334.7
12842.8 333.1
12843.0 339.4
12843.2 348.4
12843.4 349.5
12843.6 340.4
12843.8 336.7
12844.1 333.6
12844.3 332.6
12844.5 340.2
12844.7 347.9
12844.9 357.0
12845.1 351.3
12845.3 346.2
12845.5 343.8
12845.8 331.8
12846.0 329.0
12846.2 317.8
12846.4 320.7
12846.6 332.0
12846.8 333.4
12847.0 332.6
12847.2 332.9
12847.5 344.6
12847.7 352.5
12847.9 355.3
12848.1 354.9
12848.3 344.0
12848.5 339.6
12848.7 347.7
12848.9 343.4
12849.2 330.8
12849.4 325.0
12849.6 328.4
12849.8 334.8
12850.0 338.5
12850.2 329.1
12850.4 328.4
12850.6 338.6
12850.9 344.2
12851.1 349.3
12851.3 339.9
12851.5 331.1
12851.7 333.9
12851.9 346.1
12852.1 351.6
12852.3 350.6
12852.6 356.1
12852.8 361.3
12853.0 361.4
12853.2 350.8
12853.4 346.4
12853.6 346.6
12853.8 340.6
12854.0 339.1
12854.3 342.9
12854.5 345.2
12854.7 337.7
12854.9 334.4
12855.1 345.6
12855.3 347.5
12855.5 341.1
12855.8 344.3
12856.0 348.8
12856.2 338.1
12856.4 315.8
12856.6 316.2
12856.8 335.5
12857.0 341.9
12857.2 335.2
12857.5 329.2
12857.7 329.9
12857.9 339.9
12858.1 349.1
12858.3 346.9
12858.5 330.9
12858.7 319.4
12858.9 333.7
12859.2 331.5
12859.4 318.7
12859.6 329.0
12859.8 340.2
12860.0 345.7
12860.2 337.6
12860.4 330.1
12860.6 343.5
12860.9 341.5
12861.1 325.8
12861.3 329.5
12861.5 337.1
12861.7 341.5
12861.9 334.2
12862.1 325.5
12862.3 334.8
12862.6 339.7
12862.8 334.4
12863.0 333.5
12863.2 340.1
12863.4 341.3
12863.6 327.7
12863.8 326.6
12864.0 342.6
12864.3 348.4
12864.5 346.4
12864.7 350.5
12864.9 347.6
12865.1 339.9
12865.3 354.1
12865.5 364.1
12865.7 349.1
12866.0 348.6
12866.2 355.7
12866.4 348.1
12866.6 349.2
12866.8 344.6
12867.0 336.8
12867.2 350.4
12867.4 347.2
12867.7 346.4
12867.9 349.8
12868.1 337.4
12868.3 336.1
12868.5 345.4
12868.7 347.1
12868.9 347.1
12869.1 346.7
12869.4 345.7
12869.6 346.7
12869.8 332.4
12870.0 334.7
12870.2 351.5
12870.4 346.6
12870.6 340.5
12870.8 341.4
12871.1 341.0
12871.3 345.4
12871.5 339.5
12871.7 331.1
12871.9 334.6
12872.1 337.1
12872.3 340.1
12872.5 341.5
12872.8 352.7
12873.0 356.5
12873.2 348.6
12873.4 340.1
12873.6 341.8
12873.8 354.8
12874.0 365.3
12874.2 385.1
12874.5 389.4
12874.7 364.4
12874.9 348.5
12875.1 358.0
12875.3 361.8
12875.5 353.5
12875.7 347.4
12875.9 345.3
12876.2 350.4
12876.4 353.9
12876.6 349.1
12876.8 347.0
12877.0 358.2
12877.2 366.3
12877.4 354.7
12877.7 348.1
12877.9 367.3
12878.1 363.7
12878.3 361.7
12878.5 382.6
12878.7 368.6
12878.9 343.4
12879.1 355.8
12879.4 379.2
12879.6 384.0
12879.8 371.8
12880.0 374.5
12880.2 376.7
12880.4 364.6
12880.6 368.2
12880.8 377.7
12881.1 377.1
12881.3 374.0
12881.5 382.1
12881.7 379.3
12881.9 360.5
12882.1 352.2
12882.3 350.0
12882.5 345.2
12882.8 346.4
12883.0 342.1
12883.2 347.1
12883.4 359.1
12883.6 358.9
12883.8 356.9
12884.0 363.5
12884.2 368.9
12884.5 362.0
12884.7 363.1
12884.9 366.8
12885.1 367.7
12885.3 366.0
12885.5 364.4
12885.7 374.5
12885.9 374.1
12886.2 362.0
12886.4 348.2
12886.6 348.9
12886.8 357.8
12887.0 365.0
12887.2 359.4
12887.4 357.7
12887.6 368.7
12887.9 368.8
12888.1 358.7
12888.3 355.7
12888.5 375.7
12888.7 369.5
12888.9 345.5
12889.1 353.9
12889.3 354.6
12889.6 346.9
12889.8 354.1
12890.0 373.2
12890.2 386.7
12890.4 394.1
12890.6 390.8
12890.8 375.3
12891.0 368.7
12891.3 366.4
12891.5 353.6
12891.7 363.7
12891.9 389.1
12892.1 395.5
12892.3 372.0
12892.5 364.5
12892.7 384.1
12893.0 388.3
12893.2 391.8
12893.4 379.2
12893.6 369.5
12893.8 388.2
12894.0 387.0
12894.2 379.7
12894.4 387.3
12894.7 378.6
12894.9 364.0
12895.1 380.9
12895.3 394.3
12895.5 392.1
12895.7 394.9
12895.9 397.4
12896.1 398.0
12896.4 403.3
12896.6 403.2
12896.8 392.0
12897.0 393.1
12897.2 394.4
12897.4 387.7
12897.6 375.9
12897.8 373.4
12898.1 391.8
12898.3 401.7
12898.5 383.6
12898.7 385.4
12898.9 398.7
12899.1 390.0
12899.3 386.5
12899.5 385.5
12899.8 386.7
12900.0 393.4
12900.2 391.9
12900.4 390.6
12900.6 397.0
12900.8 387.2
12901.0 371.6
12901.3 380.7
12901.5 406.3
12901.7 426.8
12901.9 411.3
12902.1 397.7
12902.3 400.6
12902.5 404.3
12902.7 410.7
12903.0 401.5
12903.2 402.5
12903.4 416.0
12903.6 424.8
12903.8 431.5
