12889.3 369.1
12889.5 396.2
12889.8 365.8
12890.0 344.1
12890.2 320.4
12890.4 318.0
12890.6 341.5
12890.9 345.8
12891.1 331.0
12891.3 333.5
12891.5 338.7
12891.7 339.1
12891.9 350.6
12892.2 350.2
12892.4 352.4
12892.6 357.3
12892.8 347.5
12893.0 332.5
12893.2 334.5
12893.5 343.6
12893.7 342.7
12893.9 346.2
12894.1 356.7
12894.3 360.0
12894.5 354.2
12894.8 355.2
12895.0 351.1
12895.2 346.2
12895.4 350.7
12895.6 361.3
12895.9 364.1
12896.1 361.7
12896.3 362.2
12896.5 359.8
12896.7 356.0
12896.9 359.0
12897.2 355.7
12897.4 342.3
12897.6 347.4
12897.8 355.1
12898.0 355.8
12898.2 360.3
12898.5 361.5
12898.7 352.1
12898.9 345.6
12899.1 351.5
12899.3 355.5
12899.5 353.0
12899.8 358.2
12900.0 365.0
12900.2 361.2
12900.4 356.7
12900.6 361.8
12900.9 370.3
12901.1 375.3
12901.3 378.0
12901.5 374.1
12901.7 370.9
12901.9 372.2
12902.2 363.3
12902.4 352.4
12902.6 361.4
12902.8 371.4
12903.0 370.9
12903.2 373.9
12903.5 373.7
12903.7 375.2
12903.9 390.6
12904.1 400.3
12904.3 393.2
12904.5 383.4
12904.8 368.5
12905.0 358.4
12905.2 374.8
12905.4 389.4
12905.6 388.2
12905.9 388.8
12906.1 373.1
12906.3 368.8
12906.5 389.4
12906.7 387.5
12906.9 373.7
12907.2 373.4
12907.4 378.0
12907.6 376.0
12907.8 368.2
12908.0 358.7
12908.2 359.1
12908.5 375.1
12908.7 383.5
12908.9 373.2
12909.1 366.6
12909.3 377.8
12909.5 380.5
12909.8 372.5
12910.0 388.3
12910.2 404.9
12910.4 393.7
12910.6 376.3
12910.9 370.4
12911.1 375.4
12911.3 386.3
12911.5 390.0
12911.7 381.1
12911.9 371.7
12912.2 372.8
12912.4 381.3
12912.6 387.9
12912.8 380.8
12913.0 372.4
12913.2 369.1
12913.5 369.3
12913.7 373.6
12913.9 377.6
12914.1 379.6
12914.3 377.0
12914.5 366.1
12914.8 361.0
12915.0 362.7
12915.2 363.1
12915.4 366.8
12915.6 378.4
12915.8 387.3
12916.1 387.5
12916.3 389.6
12916.5 387.0
12916.7 376.8
12916.9 377.1
12917.2 386.6
12917.4 389.0
12917.6 391.0
12917.8 393.0
12918.0 385.1
12918.2 384.4
12918.5 391.1
12918.7 388.1
12918.9 383.9
12919.1 381.5
12919.3 381.2
12919.5 386.6
12919.8 390.9
12920.0 384.0
12920.2 375.7
12920.4 380.4
12920.6 390.2
12920.8 393.5
12921.1 387.4
12921.3 390.2
12921.5 417.4
12921.7 415.0
12921.9 396.9
12922.2 384.5
12922.4 379.8
12922.6 380.1
12922.8 390.0
12923.0 400.7
12923.2 395.7
12923.5 380.2
12923.7 375.3
12923.9 381.2
12924.1 383.5
12924.3 390.3
12924.5 401.1
12924.8 394.0
12925.0 381.0
12925.2 373.2
12925.4 371.4
12925.6 384.1
12925.8 392.7
12926.1 381.5
12926.3 383.3
12926.5 395.5
12926.7 395.2
12926.9 392.9
12927.2 398.7
12927.4 395.9
12927.6 385.1
12927.8 384.9
12928.0 386.5
12928.2 377.2
12928.5 374.4
12928.7 381.6
12928.9 386.6
12929.1 387.8
12929.3 382.2
12929.5 378.1
12929.8 380.6
12930.0 380.4
12930.2 379.0
12930.4 383.1
12930.6 386.8
12930.8 387.4
12931.1 388.2
12931.3 387.3
12931.5 383.7
12931.7 382.9
12931.9 391.3
12932.2 401.1
12932.4 408.4
12932.6 405.2
12932.8 396.4
12933.0 389.1
12933.2 392.9
12933.5 400.4
12933.7 405.3
12933.9 403.2
12934.1 402.8
12934.3 408.6
12934.5 406.2
12934.8 406.0
12935.0 410.4
12935.2 399.0
12935.4 395.0
12935.6 402.4
12935.8 404.9
12936.1 401.8
12936.3 407.5
12936.5 409.3
12936.7 412.3
12936.9 412.8
12937.2 403.0
12937.4 404.8
12937.6 415.1
12937.8 419.3
12938.0 430.0
12938.2 439.8
12938.5 431.7
12938.7 426.3
12938.9 425.1
12939.1 418.4
12939.3 421.2
12939.5 419.8
12939.8 413.5
12940.0 410.3
12940.2 415.6
12940.4 417.6
12940.6 420.5
12940.8 418.4
12941.1 404.9
12941.3 400.6
12941.5 412.4
12941.7 423.2
12941.9 420.4
12942.2 413.0
12942.4 413.8
12942.6 415.7
12942.8 422.4
12943.0 422.9
12943.2 420.6
12943.5 429.5
12943.7 433.1
12943.9 421.9
12944.1 419.5
12944.3 423.0
12944.5 433.3
12944.8 431.1
12945.0 422.6
12945.2 428.9
12945.4 429.7
12945.6 421.6
12945.8 422.3
12946.1 424.3
12946.3 424.3
12946.5 425.4
12946.7 414.9
12946.9 410.5
12947.2 419.4
12947.4 421.8
12947.6 425.4
12947.8 428.2
12948.0 427.0
12948.2 432.6
12948.5 435.0
12948.7 425.9
12948.9 421.7
12949.1 425.0
12949.3 427.8
12949.5 427.4
12949.8 425.0
12950.0 417.4
12950.2 409.5
12950.4 418.0
12950.6 433.4
12950.8 434.7
12951.1 429.8
12951.3 427.1
12951.5 426.2
12951.7 423.3
12951.9 415.1
12952.2 408.9
12952.4 412.3
12952.6 416.4
12952.8 419.1
12953.0 426.4
12953.2 425.9
12953.5 423.8
12953.7 425.6
12953.9 419.8
12954.1 418.2
12954.3 432.1
12954.5 436.0
12954.8 429.4
12955.0 432.0
12955.2 432.1
12955.4 431.3
12955.6 434.0
12955.8 430.4
12956.1 427.2
12956.3 433.0
12956.5 437.7
12956.7 431.7
12956.9 428.5
12957.2 422.7
12957.4 419.5
12957.6 427.4
12957.8 428.5
12958.0 422.7
12958.2 423.0
12958.5 431.7
12958.7 441.1
12958.9 429.1
12959.1 411.3
12959.3 415.4
12959.5 422.5
12959.8 422.7
12960.0 419.8
12960.2 421.7
12960.4 428.7
12960.6 431.9
12960.8 431.8
12961.1 426.4
12961.3 418.8
12961.5 426.8
12961.7 439.3
12961.9 437.4
12962.2 425.8
12962.4 421.6
12962.6 429.1
12962.8 430.3
12963.0 426.1
12963.2 434.1
12963.5 441.2
12963.7 433.2
12963.9 424.5
12964.1 417.5
12964.3 415.3
12964.5 420.9
12964.8 424.3
12965.0 421.9
12965.2 427.1
12965.4 425.3
12965.6 422.3
12965.8 428.9
12966.1 428.6
12966.3 422.9
12966.5 416.3
12966.7 412.2
12966.9 412.6
12967.1 422.3
12967.4 433.1
12967.6 425.3
12967.8 414.1
12968.0 420.8
12968.2 427.0
12968.5 421.7
12968.7 423.9
12968.9 430.2
12969.1 426.9
12969.3 426.1
12969.5 424.6
12969.8 424.8
12970.0 427.3
12970.2 431.2
12970.4 426.9
12970.6 430.2
12970.8 437.9
12971.1 434.5
12971.3 432.6
12971.5 435.3
12971.7 439.8
12971.9 441.0
12972.1 431.5
12972.4 423.1
12972.6 421.7
12972.8 432.9
12973.0 450.9
12973.2 447.5
12973.5 436.8
12973.7 438.7
12973.9 430.5
12974.1 424.2
12974.3 423.9
12974.5 432.8
12974.8 441.0
12975.0 445.2
12975.2 444.7
12975.4 442.5
12975.6 440.3
12975.8 436.7
12976.1 438.7
12976.3 437.9
12976.5 434.4
12976.7 437.9
12976.9 445.8
12977.1 445.7
12977.4 441.4
12977.6 443.3
12977.8 450.3
12978.0 451.0
12978.2 439.4
12978.5 433.8
12978.7 434.8
12978.9 442.0
12979.1 451.6
12979.3 446.3
12979.5 434.2
12979.8 433.0
12980.0 441.7
12980.2 444.3
12980.4 440.0
12980.6 433.0
12980.8 429.0
12981.1 430.1
12981.3 435.6
12981.5 440.2
12981.7 440.6
12981.9 441.7
12982.1 445.3
12982.4 443.5
12982.6 441.1
12982.8 443.4
12983.0 444.1
12983.2 442.1
12983.5 436.2
12983.7 435.3
12983.9 442.2
12984.1 446.4
12984.3 443.9
12984.5 436.4
12984.8 429.7
12985.0 435.0
12985.2 440.4
12985.4 437.1
12985.6 443.1
12985.8 452.9
12986.1 465.4
12986.3 465.4
12986.5 461.3
12986.7 459.1
12986.9 452.4
12987.1 449.4
12987.4 449.4
12987.6 452.4
12987.8 457.4
12988.0 460.6
12988.2 460.2
12988.5 457.6
12988.7 455.2
12988.9 457.8
12989.1 457.9
12989.3 456.4
12989.5 457.8
12989.8 457.9
12990.0 459.5
12990.2 457.1
12990.4 449.9
12990.6 448.3
12990.8 454.4
12991.1 454.2
12991.3 449.0
12991.5 449.3
12991.7 454.5
12991.9 454.2
12992.1 457.8
12992.4 464.3
12992.6 467.0
12992.8 470.1
12993.0 465.4
12993.2 455.2
12993.5 454.0
12993.7 456.1
12993.9 451.5
12994.1 451.6
12994.3 461.3
12994.5 469.3
12994.8 468.5
12995.0 469.8
12995.2 479.7
12995.4 483.0
12995.6 473.6
12995.8 467.6
12996.1 466.6
12996.3 462.9
12996.5 460.8
12996.7 465.4
12996.9 467.4
12997.1 462.9
12997.4 468.1
12997.6 477.0
12997.8 468.0
12998.0 461.5
12998.2 467.5
12998.5 471.6
12998.7 465.0
12998.9 459.3
12999.1 460.8
12999.3 456.9
12999.5 457.2
12999.8 458.0
13000.0 459.1
13000.2 455.0
13000.4 459.7
13000.6 466.8
13000.8 460.8
13001.1 453.4
13001.3 455.1
13001.5 454.7
13001.7 445.5
13001.9 446.4
13002.1 461.3
13002.4 464.7
13002.6 461.0
13002.8 460.5
13003.0 459.2
13003.2 453.9
13003.5 451.6
13003.7 462.1
13003.9 467.8
13004.1 461.5
13004.3 460.7
13004.5 459.5
13004.8 466.2
13005.0 486.3
13005.2 486.9
13005.4 474.6
13005.6 469.0
13005.8 462.2
13006.1 453.3
13006.3 452.1
13006.5 460.7
13006.7 464.9
13006.9 462.5
13007.1 465.9
13007.4 470.2
13007.6 466.3
13007.8 465.4
13008.0 471.7
13008.2 473.9
13008.5 467.1
13008.7 464.9
13008.9 471.5
13009.1 467.5
13009.3 458.1
13009.5 464.6
13009.8 477.1
13010.0 473.2
13010.2 459.7
13010.4 465.3
13010.6 476.3
13010.8 470.4
13011.1 471.9
13011.3 491.2
13011.5 497.9
13011.7 487.6
13011.9 485.1
13012.1 486.1
13012.4 480.8
13012.6 483.6
13012.8 492.1
13013.0 495.3
13013.2 494.4
13013.5 488.9
13013.7 485.7
13013.9 493.6
13014.1 502.0
13014.3 499.2
13014.5 495.9
13014.8 503.5
13015.0 505.9
13015.2 500.1
13015.4 504.3
13015.6 515.4
13015.8 518.1
13016.1 512.6
13016.3 512.1
13016.5 514.4
13016.7 518.5
13016.9 519.5
13017.1 516.5
13017.4 519.7
13017.6 523.8
13017.8 519.8
13018.0 521.0
13018.2 526.4
13018.4 527.8
13018.7 523.5
13018.9 522.7
13019.1 524.7
13019.3 517.1
13019.5 515.7
13019.8 519.4
13020.0 522.0
13020.2 523.4
13020.4 532.4
13020.6 537.0
13020.8 534.2
13021.1 532.5
13021.3 534.9
13021.5 544.8
13021.7 549.2
13021.9 564.6
13022.1 578.6
13022.4 586.5
13022.6 590.4
13022.8 566.9
13023.0 546.0
13023.2 546.8
13023.4 547.0
13023.7 547.9
13023.9 555.2
13024.1 552.3
13024.3 548.5
13024.5 548.2
13024.8 547.4
13025.0 545.3
13025.2 539.0
13025.4 533.8
13025.6 538.9
13025.8 540.4
13026.1 533.1
13026.3 540.4
13026.5 547.5
13026.7 547.1
13026.9 553.6
13027.1 554.6
13027.4 552.3
13027.6 547.4
13027.8 544.3
13028.0 548.7
13028.2 550.5
13028.4 543.6
13028.7 542.0
13028.9 556.2
13029.1 557.7
13029.3 547.1
13029.5 537.5
13029.8 535.7
13030.0 538.2
13030.2 536.2
13030.4 529.7
13030.6 524.5
13030.8 527.6
13031.1 533.0
13031.3 532.2
13031.5 531.0
13031.7 529.5
13031.9 526.9
13032.1 527.5
13032.4 528.7
13032.6 532.1
13032.8 527.2
13033.0 522.6
13033.2 523.6
13033.4 523.4
13033.7 517.4
13033.9 518.1
13034.1 525.4
13034.3 518.3
13034.5 505.8
13034.8 507.9
13035.0 514.1
13035.2 515.4
13035.4 521.9
13035.6 529.8
13035.8 522.0
13036.1 512.6
13036.3 505.1
13036.5 503.0
13036.7 506.1
13036.9 504.9
13037.1 498.4
13037.4 502.5
13037.6 508.6
13037.8 508.1
13038.0 511.0
13038.2 509.2
13038.4 499.6
13038.7 498.1
13038.9 499.9
13039.1 494.3
13039.3 494.4
13039.5 497.3
13039.8 494.8
13040.0 495.7
13040.2 494.3
13040.4 488.4
13040.6 491.7
13040.8 497.5
13041.1 491.8
13041.3 492.8
13041.5 497.3
13041.7 488.0
13041.9 478.6
13042.1 481.3
13042.4 482.9
13042.6 481.5
13042.8 481.5
13043.0 483.9
13043.2 484.6
13043.4 496.9
13043.7 485.9
13043.9 464.3
13044.1 464.8
13044.3 470.4
13044.5 466.9
13044.8 463.2
13045.0 471.7
13045.2 475.7
13045.4 467.9
13045.6 468.1
13045.8 469.1
13046.1 471.8
13046.3 472.6
13046.5 472.3
13046.7 472.1
13046.9 473.1
13047.1 469.5
13047.4 458.3
13047.6 456.9
13047.8 468.1
13048.0 471.4
13048.2 472.9
13048.4 474.7
13048.7 466.3
13048.9 462.7
13049.1 462.9
13049.3 465.2
13049.5 460.9
13049.8 447.4
13050.0 444.2
13050.2 443.9
13050.4 442.6
13050.6 447.1
13050.8 450.1
13051.1 449.3
13051.3 443.4
13051.5 445.9
13051.7 452.3
13051.9 452.4
13052.1 453.1
13052.4 452.0
13052.6 452.2
13052.8 452.6
13053.0 445.1
13053.2 446.1
13053.4 457.4
13053.7 454.4
13053.9 443.6
13054.1 443.7
13054.3 450.0
13054.5 447.7
13054.8 445.6
13055.0 447.4
13055.2 445.5
13055.4 439.3
13055.6 432.8
13055.8 437.9
13056.1 446.2
13056.3 451.6
13056.5 445.4
13056.7 431.7
13056.9 427.6
13057.1 431.6
13057.4 433.4
13057.6 444.9
13057.8 458.0
13058.0 453.5
13058.2 439.9
13058.4 438.1
13058.7 436.2
13058.9 433.2
13059.1 437.9
13059.3 440.5
13059.5 438.2
13059.8 440.2
13060.0 443.7
13060.2 439.5
13060.4 439.6
13060.6 443.7
13060.8 438.2
13061.1 436.8
13061.3 444.5
13061.5 442.0
13061.7 442.4
13061.9 444.5
13062.1 438.6
13062.4 438.5
13062.6 443.1
13062.8 444.3
13063.0 442.7
13063.2 443.6
13063.4 442.5
13063.7 441.7
13063.9 444.3
13064.1 442.3
13064.3 441.2
13064.5 444.6
13064.8 442.1
13065.0 440.4
13065.2 438.0
13065.4 439.3
13065.6 443.7
13065.8 441.7
13066.1 443.2
13066.3 445.8
13066.5 442.0
13066.7 439.7
13066.9 443.7
13067.1 451.9
13067.4 452.4
13067.6 448.0
13067.8 452.4
13068.0 459.0
13068.2 456.0
13068.4 445.8
13068.7 444.6
13068.9 447.4
13069.1 444.9
13069.3 450.6
13069.5 457.6
13069.7 450.7
13070.0 443.6
13070.2 447.0
13070.4 452.6
13070.6 444.2
13070.8 437.7
13071.1 441.5
13071.3 446.2
13071.5 452.1
13071.7 450.1
13071.9 445.3
13072.1 448.7
13072.4 451.2
13072.6 445.1
13072.8 442.3
13073.0 445.2
13073.2 440.9
13073.4 437.8
13073.7 440.5
13073.9 439.7
13074.1 442.9
13074.3 444.7
13074.5 442.0
13074.7 444.3
13075.0 446.8
13075.2 445.0
13075.4 438.2
13075.6 431.8
13075.8 425.2
13076.1 424.7
13076.3 435.2
13076.5 440.0
13076.7 438.0
13076.9 437.8
13077.1 438.6
13077.4 446.3
13077.6 452.7
13077.8 442.4
13078.0 433.0
13078.2 438.6
13078.4 443.3
13078.7 442.0
13078.9 444.3
13079.1 445.8
13079.3 446.8
13079.5 449.5
13079.7 444.0
13080.0 440.6
13080.2 444.1
13080.4 445.7
13080.6 451.0
13080.8 461.5
13081.1 471.9
13081.3 465.3
13081.5 453.0
13081.7 456.6
13081.9 445.3
13082.1 441.5
13082.4 443.9
13082.6 439.4
13082.8 446.5
13083.0 454.9
13083.2 450.8
13083.4 444.9
13083.7 438.0
13083.9 432.2
13084.1 431.5
13084.3 438.8
13084.5 448.4
13084.7 446.6
13085.0 446.7
13085.2 465.6
13085.4 471.4
13085.6 479.0
13085.8 474.5
13086.1 442.9
13086.3 445.0
13086.5 447.5
13086.7 433.3
13086.9 430.4
13087.1 433.2
13087.4 434.9
13087.6 445.3
13087.8 458.3
13088.0 454.1
13088.2 435.6
13088.4 434.7
13088.7 452.9
13088.9 457.5
13089.1 447.9
13089.3 448.0
13089.5 451.9
13089.7 452.0
13090.0 450.0
13090.2 451.7
13090.4 456.9
13090.6 455.4
13090.8 447.5
13091.1 447.9
13091.3 453.3
13091.5 446.4
13091.7 442.3
13091.9 451.2
13092.1 459.8
13092.4 460.9
13092.6 459.3
13092.8 454.6
13093.0 450.3
13093.2 452.9
13093.4 460.9
13093.7 463.0
13093.9 455.9
13094.1 447.8
13094.3 448.9
13094.5 454.4
13094.7 449.0
13095.0 441.3
13095.2 450.1
13095.4 448.9
13095.6 444.7
13095.8 459.6
13096.1 462.9
13096.3 446.1
13096.5 444.4
13096.7 451.2
13096.9 442.0
13097.1 433.0
13097.4 443.0
13097.6 438.2
13097.8 434.1
13098.0 442.5
13098.2 443.8
13098.4 442.3
13098.7 443.3
13098.9 441.1
13099.1 432.6
13099.3 432.2
13099.5 440.7
13099.7 441.8
13100.0 441.1
13100.2 440.3
13100.4 438.5
13100.6 441.0
13100.8 438.5
13101.1 434.1
13101.3 441.1
13101.5 440.1
13101.7 434.3
13101.9 435.6
13102.1 430.0
13102.4 428.1
13102.6 443.6
13102.8 453.9
13103.0 451.3
13103.2 445.9
13103.4 447.3
13103.7 444.9
13103.9 432.6
13104.1 425.5
13104.3 423.2
13104.5 427.2
13104.7 435.2
13105.0 447.5
13105.2 455.4
13105.4 444.1
13105.6 435.0
13105.8 439.1
13106.1 442.1
13106.3 439.1
13106.5 433.2
13106.7 443.2
13106.9 448.6
13107.1 448.5
13107.4 451.1
13107.6 445.9
13107.8 445.6
13108.0 452.5
13108.2 452.6
13108.4 451.5
13108.7 457.2
13108.9 453.3
13109.1 443.4
13109.3 443.3
13109.5 451.5
13109.7 460.7
13110.0 468.9
13110.2 457.3
13110.4 442.4
13110.6 444.5
13110.8 448.0
13111.1 445.5
13111.3 447.9
13111.5 444.2
13111.7 440.8
13111.9 438.9
13112.1 443.0
13112.4 447.6
13112.6 448.3
13112.8 451.1
13113.0 460.8
13113.2 461.0
13113.4 451.0
13113.7 458.9
13113.9 465.0
13114.1 461.2
13114.3 458.3
13114.5 456.5
13114.7 456.6
13115.0 457.6
13115.2 455.2
13115.4 452.2
13115.6 464.6
13115.8 471.3
13116.1 460.3
13116.3 447.0
13116.5 445.7
13116.7 444.8
13116.9 441.6
13117.1 442.9
13117.4 437.3
13117.6 431.3
13117.8 435.1
13118.0 430.4
13118.2 429.3
13118.4 439.9
13118.7 447.5
13118.9 449.3
13119.1 453.7
13119.3 451.3
13119.5 439.8
13119.7 439.0
13120.0 450.5
13120.2 452.8
13120.4 450.2
13120.6 452.0
13120.8 446.4
13121.1 442.9
13121.3 450.2
13121.5 459.5
13121.7 446.5
13121.9 443.5
13122.1 457.6
13122.4 459.5
13122.6 459.8
13122.8 458.9
13123.0 449.4
13123.2 445.2
13123.4 447.1
13123.7 442.3
13123.9 443.3
13124.1 448.4
13124.3 452.1
13124.5 453.4
13124.7 455.6
13125.0 456.5
13125.2 459.0
13125.4 460.2
13125.6 463.1
13125.8 467.5
13126.0 462.5
13126.3 458.4
13126.5 460.6
13126.7 462.6
13126.9 462.5
13127.1 462.1
13127.4 451.3
13127.6 441.3
13127.8 440.5
13128.0 448.4
13128.2 449.0
13128.4 447.3
13128.7 453.8
13128.9 456.8
13129.1 458.2
13129.3 459.4
13129.5 453.9
13129.7 444.4
13130.0 444.6
13130.2 448.7
13130.4 442.3
13130.6 446.7
13130.8 447.3
13131.0 448.1
13131.3 449.2
13131.5 446.7
13131.7 453.1
13131.9 454.3
13132.1 447.7
13132.4 444.9
13132.6 453.9
13132.8 442.9
13133.0 436.2
13133.2 446.9
13133.4 456.2
13133.7 459.7
13133.9 453.7
13134.1 448.4
13134.3 454.9
13134.5 455.2
13134.7 446.6
13135.0 435.0
13135.2 424.0
13135.4 428.2
13135.6 432.3
13135.8 435.3
13136.0 436.5
13136.3 444.5
13136.5 459.0
13136.7 449.8
13136.9 433.0
13137.1 438.7
13137.4 444.5
13137.6 435.5
13137.8 413.4
13138.0 403.6
13138.2 421.5
13138.4 439.7
13138.7 435.9
13138.9 429.5
13139.1 432.6
13139.3 431.4
13139.5 425.2
13139.7 434.2
13140.0 439.6
13140.2 438.0
13140.4 442.7
13140.6 429.7
13140.8 402.3
13141.0 399.6
13141.3 411.2
13141.5 418.1
13141.7 418.8
13141.9 410.5
13142.1 411.3
13142.4 418.6
13142.6 429.8
13142.8 428.5
13143.0 418.7
13143.2 427.3
13143.4 433.5
13143.7 433.6
13143.9 430.8
13144.1 425.3
13144.3 431.5
13144.5 427.4
13144.7 426.2
13145.0 439.4
13145.2 435.3
13145.4 421.1
13145.6 425.1
13145.8 439.9
13146.0 436.4
13146.3 429.5
13146.5 419.9
13146.7 422.4
13146.9 428.2
13147.1 429.9
13147.4 431.7
13147.6 424.2
13147.8 415.5
13148.0 410.0
13148.2 414.6
13148.4 430.2
13148.7 435.3
13148.9 425.4
13149.1 423.8
13149.3 437.1
13149.5 435.7
13149.7 427.8
13150.0 443.2
13150.2 445.8
13150.4 444.5
13150.6 432.0
13150.8 425.7
13151.0 440.2
13151.3 431.1
13151.5 417.2
13151.7 418.8
13151.9 415.8
13152.1 418.9
13152.4 422.0
13152.6 414.9
13152.8 401.7
13153.0 406.3
13153.2 422.0
13153.4 417.2
13153.7 414.0
13153.9 426.3
13154.1 437.9
13154.3 422.0
13154.5 392.9
13154.7 395.9
13155.0 409.2
13155.2 387.6
13155.4 364.6
13155.6 370.0
13155.8 382.7
13156.0 389.3
13156.3 400.0
13156.5 402.1
13156.7 403.2
13156.9 405.5
13157.1 386.9
13157.4 387.1
13157.6 400.3
13157.8 413.9
13158.0 424.9
13158.2 402.2
13158.4 391.5
13158.7 397.9
13158.9 398.2
13159.1 395.0
13159.3 397.1
13159.5 405.9
13159.7 390.6
13160.0 376.7
13160.2 380.5
13160.4 383.1
13160.6 403.8
13160.8 417.4
13161.0 402.0
13161.3 394.4
13161.5 409.6
13161.7 414.1
13161.9 406.4
13162.1 397.3
13162.4 385.9
13162.6 401.4
13162.8 408.1
13163.0 389.8
13163.2 398.2
13163.4 410.8
13163.7 401.0
13163.9 386.9
13164.1 387.7
13164.3 401.2
13164.5 395.6
13164.7 381.8
13165.0 387.0
13165.2 390.9
13165.4 383.9
13165.6 396.6
13165.8 412.6
13166.0 398.3
13166.3 396.2
13166.5 413.0
13166.7 399.7
13166.9 376.8
13167.1 368.9
13167.4 381.9
13167.6 409.8
13167.8 409.5
13168.0 402.0
13168.2 416.3
13168.4 426.3
13168.7 410.5
13168.9 406.1
13169.1 412.5
13169.3 411.5
13169.5 405.6
13169.7 395.7
13170.0 390.4
13170.2 395.2
13170.4 390.8
13170.6 391.5
13170.8 401.1
13171.0 401.1
13171.3 381.7
13171.5 375.4
13171.7 381.5
13171.9 371.1
13172.1 361.6
13172.4 382.0
13172.6 400.0
13172.8 416.0
13173.0 405.9
13173.2 376.1
13173.4 392.1
13173.7 425.7
13173.9 434.3
13174.1 408.3
13174.3 396.2
13174.5 409.3
13174.7 393.6
13175.0 379.9
13175.2 398.3
13175.4 413.1
13175.6 411.1
13175.8 408.3
13176.0 416.3
13176.3 422.9
13176.5 423.0
13176.7 415.1
13176.9 384.8
13177.1 374.1
13177.3 385.1
13177.6 364.7
13177.8 350.5
13178.0 389.9
13178.2 412.2
13178.4 396.1
13178.7 398.0
13178.9 387.6
13179.1 361.6
13179.3 351.9
13179.5 357.5
13179.7 364.7
13180.0 355.2
13180.2 345.0
13180.4 358.7
13180.6 371.3
13180.8 373.8
13181.0 381.6
13181.3 359.4
13181.5 323.0
13181.7 319.8
13181.9 347.1
13182.1 362.1
13182.3 338.8
13182.6 332.2
13182.8 370.9
13183.0 384.2
13183.2 346.0
13183.4 339.8
13183.7 381.9
13183.9 369.1
13184.1 370.2
13184.3 407.9
13184.5 403.6
13184.7 375.2
13185.0 376.5
13185.2 369.8
13185.4 355.1
13185.6 369.8
13185.8 374.5
13186.0 373.3
13186.3 365.4
13186.5 369.4
13186.7 382.7
13186.9 358.0
13187.1 359.4
13187.3 398.8
13187.6 392.6
13187.8 379.0
13188.0 385.2
13188.2 347.8
13188.4 337.4
13188.7 395.7
13188.9 400.6
13189.1 370.7
13189.3 385.0
13189.5 415.1
13189.7 378.0
13190.0 348.7
13190.2 386.2
13190.4 402.6
13190.6 373.8
13190.8 361.9
13191.0 368.3
13191.3 359.6
13191.5 374.0
13191.7 402.9
13191.9 405.4
13192.1 392.3
13192.3 412.9
13192.6 436.1
13192.8 424.7
13193.0 400.2
13193.2 407.5
13193.4 397.2
13193.7 329.1
13193.9 307.4
13194.1 360.8
13194.3 423.7
13194.5 437.4
13194.7 413.1
13195.0 369.6
13195.2 363.6
13195.4 376.1
13195.6 364.8
13195.8 363.8
13196.0 351.1
13196.3 328.2
13196.5 359.7
13196.7 374.4
13196.9 334.9
13197.1 326.6
13197.3 352.0
13197.6 375.7
13197.8 376.2
13198.0 347.4
13198.2 359.9
13198.4 393.1
13198.7 394.7
