12322.1 323.9
12322.3 327.0
12322.5 328.0
12322.7 323.9
12323.0 325.1
12323.2 328.2
12323.4 313.0
12323.6 306.9
12323.8 324.0
12324.0 338.4
12324.2 332.4
12324.4 313.5
12324.6 305.3
12324.8 304.1
12325.0 304.0
12325.2 309.5
12325.5 311.4
12325.7 308.7
12325.9 306.8
12326.1 308.5
12326.3 334.3
12326.5 335.2
12326.7 316.4
12326.9 315.1
12327.1 317.9
12327.3 313.5
12327.5 314.3
12327.7 322.4
12327.9 319.1
12328.2 304.4
12328.4 303.4
12328.6 318.7
12328.8 326.0
12329.0 317.8
12329.2 322.0
12329.4 338.4
12329.6 336.7
12329.8 317.7
12330.0 311.8
12330.2 318.1
12330.4 318.3
12330.7 317.1
12330.9 318.7
12331.1 321.2
12331.3 321.0
12331.5 310.2
12331.7 306.8
12331.9 314.9
12332.1 311.7
12332.3 303.0
12332.5 294.7
12332.7 298.3
12332.9 307.1
12333.2 309.0
12333.4 308.4
12333.6 318.3
12333.8 328.7
12334.0 319.9
12334.2 304.0
12334.4 301.5
12334.6 312.2
12334.8 318.8
12335.0 322.1
12335.2 325.1
12335.4 331.8
12335.6 328.8
12335.9 318.4
12336.1 314.6
12336.3 321.9
12336.5 330.9
12336.7 334.3
12336.9 333.5
12337.1 327.1
12337.3 321.3
12337.5 325.0
12337.7 326.9
12337.9 324.2
12338.1 317.9
12338.4 311.6
12338.6 306.3
12338.8 310.2
12339.0 317.7
12339.2 324.5
12339.4 329.2
12339.6 322.4
12339.8 314.8
12340.0 319.7
12340.2 320.0
12340.4 312.1
12340.6 317.0
12340.9 324.1
12341.1 325.9
12341.3 331.7
12341.5 329.0
12341.7 319.7
12341.9 325.9
12342.1 330.6
12342.3 317.6
12342.5 309.4
12342.7 315.6
12342.9 316.8
12343.1 309.3
12343.3 304.1
12343.6 305.7
12343.8 316.7
12344.0 321.5
12344.2 325.0
12344.4 326.1
12344.6 323.2
12344.8 324.6
12345.0 322.8
12345.2 312.4
12345.4 311.9
12345.6 317.5
12345.8 313.2
12346.1 310.7
12346.3 319.2
12346.5 328.6
12346.7 324.0
12346.9 312.5
12347.1 312.1
12347.3 313.9
12347.5 311.0
12347.7 304.4
12347.9 301.2
12348.1 303.3
12348.3 307.5
12348.6 305.1
12348.8 296.0
12349.0 292.3
12349.2 301.2
12349.4 309.6
12349.6 301.6
12349.8 295.9
12350.0 303.5
12350.2 303.6
12350.4 292.8
12350.6 291.7
12350.8 298.1
12351.0 299.7
12351.3 295.8
12351.5 309.6
12351.7 329.5
12351.9 321.0
12352.1 310.1
12352.3 316.1
12352.5 311.2
12352.7 300.7
12352.9 297.7
12353.1 302.2
12353.3 309.1
12353.5 306.6
12353.8 299.1
12354.0 309.9
12354.2 312.7
12354.4 305.6
12354.6 303.6
12354.8 301.8
12355.0 295.2
12355.2 290.5
12355.4 291.1
12355.6 297.8
12355.8 306.9
12356.0 308.1
12356.3 305.4
12356.5 303.2
12356.7 301.3
12356.9 298.5
12357.1 302.9
12357.3 305.8
12357.5 301.7
12357.7 305.4
12357.9 311.3
12358.1 314.4
12358.3 313.6
12358.5 313.0
12358.7 314.1
12359.0 311.9
12359.2 311.4
12359.4 307.7
12359.6 295.2
12359.8 293.8
12360.0 300.1
12360.2 298.4
12360.4 302.6
12360.6 311.3
12360.8 308.2
12361.0 306.8
12361.2 308.2
12361.5 306.4
12361.7 307.7
12361.9 309.8
12362.1 312.9
12362.3 318.6
12362.5 319.0
12362.7 316.1
12362.9 315.9
12363.1 317.5
12363.3 319.0
12363.5 320.3
12363.7 322.7
12364.0 321.2
12364.2 316.6
12364.4 314.5
12364.6 312.2
12364.8 301.0
12365.0 286.4
12365.2 296.1
12365.4 311.6
12365.6 307.0
12365.8 303.5
12366.0 309.5
12366.2 315.9
12366.4 324.1
12366.7 322.8
12366.9 310.9
12367.1 309.5
12367.3 315.3
12367.5 319.8
12367.7 316.1
12367.9 305.5
12368.1 300.1
12368.3 297.3
12368.5 295.5
12368.7 300.2
12368.9 309.0
12369.2 310.3
12369.4 308.5
12369.6 311.1
12369.8 306.7
12370.0 298.3
12370.2 307.6
12370.4 320.7
12370.6 315.2
12370.8 302.7
12371.0 301.7
12371.2 311.5
12371.4 314.6
12371.7 313.6
12371.9 319.2
12372.1 316.3
12372.3 310.3
12372.5 311.8
12372.7 307.6
12372.9 299.7
12373.1 308.5
12373.3 317.8
12373.5 315.0
12373.7 309.2
12373.9 309.3
12374.1 317.5
12374.4 322.1
12374.6 314.5
12374.8 310.6
12375.0 304.2
12375.2 309.6
12375.4 318.5
12375.6 309.5
12375.8 303.2
12376.0 309.6
12376.2 314.4
12376.4 314.7
12376.6 306.6
12376.9 297.8
12377.1 300.1
12377.3 305.3
12377.5 309.2
12377.7 314.7
12377.9 313.9
12378.1 309.0
12378.3 312.4
12378.5 319.8
12378.7 319.5
12378.9 315.0
12379.1 318.6
12379.4 326.8
12379.6 322.6
12379.8 315.8
12380.0 313.5
12380.2 308.8
12380.4 308.1
12380.6 314.3
12380.8 315.5
12381.0 314.5
12381.2 313.6
12381.4 313.8
12381.6 317.4
12381.8 314.4
12382.1 308.2
12382.3 303.7
12382.5 302.2
12382.7 308.3
12382.9 315.5
12383.1 308.4
12383.3 299.3
12383.5 305.2
12383.7 303.1
12383.9 303.0
12384.1 308.8
12384.3 310.8
12384.6 310.1
12384.8 305.6
12385.0 300.0
12385.2 300.9
12385.4 310.2
12385.6 317.7
12385.8 317.4
12386.0 316.6
12386.2 319.6
12386.4 323.5
12386.6 321.2
12386.8 313.5
12387.1 310.2
12387.3 315.3
12387.5 325.4
12387.7 324.5
12387.9 321.5
12388.1 318.1
12388.3 317.0
12388.5 320.7
12388.7 318.8
12388.9 315.3
12389.1 313.2
12389.3 312.7
12389.5 317.1
12389.8 317.4
12390.0 311.6
12390.2 306.1
12390.4 302.2
12390.6 306.9
12390.8 318.0
12391.0 322.7
12391.2 317.6
12391.4 317.5
12391.6 320.2
12391.8 315.7
12392.0 311.3
12392.3 313.1
12392.5 320.2
12392.7 326.2
12392.9 322.6
12393.1 315.0
12393.3 316.7
12393.5 320.4
12393.7 324.6
12393.9 324.3
12394.1 315.5
12394.3 314.5
12394.5 319.6
12394.8 313.2
12395.0 308.2
12395.2 315.2
12395.4 323.7
12395.6 329.2
12395.8 326.2
12396.0 316.4
12396.2 308.1
12396.4 309.7
12396.6 308.9
12396.8 308.4
12397.0 314.6
12397.2 315.0
12397.5 309.1
12397.7 308.7
12397.9 316.8
12398.1 321.0
12398.3 321.4
12398.5 321.3
12398.7 322.6
12398.9 321.0
12399.1 317.5
12399.3 321.7
12399.5 324.0
12399.7 322.4
12400.0 322.7
12400.2 323.4
12400.4 327.2
12400.6 332.4
12400.8 336.1
12401.0 329.9
12401.2 329.3
12401.4 323.6
12401.6 307.6
12401.8 310.6
12402.0 319.6
12402.2 317.7
12402.5 316.6
12402.7 320.5
12402.9 322.4
12403.1 324.1
12403.3 324.1
12403.5 316.9
12403.7 318.2
12403.9 324.8
12404.1 324.3
12404.3 324.1
12404.5 323.9
12404.7 320.0
12404.9 317.9
12405.2 318.5
12405.4 314.0
12405.6 314.0
12405.8 323.7
12406.0 324.0
12406.2 318.8
12406.4 318.3
12406.6 321.9
12406.8 320.0
12407.0 316.7
12407.2 323.3
12407.4 326.4
12407.7 323.3
12407.9 321.9
12408.1 316.5
12408.3 315.6
12408.5 322.5
12408.7 327.0
12408.9 327.4
12409.1 330.2
12409.3 326.5
12409.5 327.2
12409.7 330.5
12409.9 319.5
12410.2 318.3
12410.4 328.7
12410.6 328.2
12410.8 326.3
12411.0 327.7
12411.2 325.3
12411.4 322.2
12411.6 321.9
12411.8 324.3
12412.0 326.2
12412.2 320.3
12412.4 315.6
12412.6 319.0
12412.9 321.3
12413.1 324.4
12413.3 321.7
12413.5 314.6
12413.7 321.9
12413.9 330.6
12414.1 334.3
12414.3 333.6
12414.5 328.6
12414.7 331.9
12414.9 331.4
12415.1 326.4
12415.4 332.8
12415.6 331.7
12415.8 324.0
12416.0 326.3
12416.2 334.6
12416.4 337.2
12416.6 329.7
12416.8 330.5
12417.0 340.5
12417.2 335.9
12417.4 323.0
12417.6 320.4
12417.9 323.7
12418.1 326.7
12418.3 328.6
12418.5 326.7
12418.7 325.4
12418.9 322.4
12419.1 321.1
12419.3 323.8
12419.5 328.0
12419.7 328.4
12419.9 322.7
12420.1 326.4
12420.3 331.7
12420.6 329.1
12420.8 321.1
12421.0 315.0
12421.2 321.7
12421.4 324.6
12421.6 326.9
12421.8 330.4
12422.0 331.1
12422.2 329.3
12422.4 322.4
12422.6 321.4
12422.8 328.0
12423.1 338.0
12423.3 343.6
12423.5 341.3
12423.7 328.7
12423.9 320.3
12424.1 323.9
12424.3 327.2
12424.5 327.7
12424.7 329.9
12424.9 332.2
12425.1 333.7
12425.3 334.4
12425.6 333.3
12425.8 330.8
12426.0 327.2
12426.2 327.1
12426.4 330.3
12426.6 326.7
12426.8 324.5
12427.0 329.5
12427.2 328.1
12427.4 326.6
12427.6 323.4
12427.8 314.4
12428.0 310.6
12428.3 312.4
12428.5 311.9
12428.7 316.8
12428.9 325.6
12429.1 325.0
12429.3 320.3
12429.5 317.0
12429.7 318.2
12429.9 328.1
12430.1 331.1
12430.3 319.3
12430.5 305.2
12430.8 308.2
12431.0 318.0
12431.2 320.7
12431.4 312.2
12431.6 308.6
12431.8 317.8
12432.0 323.7
12432.2 322.4
12432.4 324.2
12432.6 326.7
12432.8 325.0
12433.0 326.3
12433.3 332.9
12433.5 330.0
12433.7 322.5
12433.9 319.8
12434.1 319.2
12434.3 321.7
12434.5 318.2
12434.7 316.3
12434.9 326.6
12435.1 331.5
12435.3 324.0
12435.5 316.8
12435.7 316.1
12436.0 320.4
12436.2 330.4
12436.4 333.1
12436.6 330.1
12436.8 334.7
12437.0 330.3
12437.2 323.8
12437.4 327.6
12437.6 323.4
12437.8 321.4
12438.0 330.2
12438.2 329.5
12438.5 330.7
12438.7 336.5
12438.9 334.8
12439.1 324.7
12439.3 320.9
12439.5 324.3
12439.7 325.6
12439.9 334.2
12440.1 340.1
12440.3 328.2
12440.5 323.3
12440.7 325.6
12441.0 323.7
12441.2 327.9
12441.4 327.8
12441.6 321.4
12441.8 324.2
12442.0 323.8
12442.2 320.5
12442.4 324.9
12442.6 328.5
12442.8 329.2
12443.0 330.2
12443.2 330.9
12443.4 334.6
12443.7 335.7
12443.9 331.9
12444.1 326.8
12444.3 329.4
12444.5 327.4
12444.7 320.6
12444.9 330.3
12445.1 342.3
12445.3 336.0
12445.5 326.6
12445.7 324.7
12445.9 324.1
12446.2 320.4
12446.4 320.4
12446.6 326.0
12446.8 327.7
12447.0 326.2
12447.2 323.3
12447.4 323.6
12447.6 323.7
12447.8 323.2
12448.0 332.1
12448.2 331.4
12448.4 321.6
12448.7 321.8
12448.9 324.5
12449.1 326.1
12449.3 327.7
12449.5 320.2
12449.7 318.2
12449.9 322.7
12450.1 326.8
12450.3 325.8
12450.5 317.7
12450.7 319.1
12450.9 326.7
12451.1 327.5
12451.4 328.2
12451.6 328.1
12451.8 321.8
12452.0 321.4
12452.2 329.0
12452.4 333.0
12452.6 327.7
12452.8 322.3
12453.0 321.2
12453.2 327.5
12453.4 329.1
12453.6 324.0
12453.9 321.3
12454.1 321.0
12454.3 323.2
12454.5 322.0
12454.7 323.4
12454.9 327.7
12455.1 327.0
12455.3 318.5
12455.5 308.3
12455.7 311.2
12455.9 315.7
12456.1 319.9
12456.4 323.6
12456.6 320.4
12456.8 318.7
12457.0 317.5
12457.2 318.8
12457.4 319.7
12457.6 319.3
12457.8 322.9
12458.0 326.4
12458.2 325.9
12458.4 323.7
12458.6 323.8
12458.8 328.0
12459.1 326.2
12459.3 324.9
12459.5 332.6
12459.7 328.5
12459.9 324.2
12460.1 324.0
12460.3 319.9
12460.5 328.0
12460.7 329.9
12460.9 321.4
12461.1 316.1
12461.3 317.5
12461.6 326.5
12461.8 330.8
12462.0 328.4
12462.2 324.0
12462.4 316.2
12462.6 315.0
12462.8 315.7
12463.0 313.3
12463.2 319.9
12463.4 323.3
12463.6 323.1
12463.8 323.5
12464.1 322.2
12464.3 321.6
12464.5 317.5
12464.7 315.9
12464.9 314.6
12465.1 310.3
12465.3 312.7
12465.5 323.0
12465.7 317.4
12465.9 312.4
12466.1 316.8
12466.3 320.6
12466.5 320.9
12466.8 316.4
12467.0 311.3
12467.2 319.1
12467.4 328.5
12467.6 329.3
12467.8 325.0
12468.0 317.6
12468.2 312.5
12468.4 314.9
12468.6 319.2
12468.8 312.4
12469.0 302.9
12469.3 309.5
12469.5 311.2
12469.7 307.4
12469.9 307.1
12470.1 304.4
12470.3 301.8
12470.5 302.9
12470.7 304.6
12470.9 302.6
12471.1 302.3
12471.3 309.7
12471.5 323.4
12471.8 293.0
12472.0 135.7
12472.2 43.8
12472.4 180.3
12472.6 301.8
12472.8 313.1
12473.0 312.6
12473.2 311.5
12473.4 305.3
12473.6 305.7
12473.8 314.3
12474.0 318.4
12474.2 314.9
12474.5 308.3
12474.7 309.6
12474.9 317.5
12475.1 325.5
12475.3 320.5
12475.5 310.9
12475.7 308.6
12475.9 311.2
12476.1 317.9
12476.3 316.7
12476.5 311.8
12476.7 309.3
12477.0 303.5
12477.2 302.8
12477.4 305.7
12477.6 311.8
12477.8 318.5
12478.0 318.5
12478.2 314.0
12478.4 316.0
12478.6 316.3
12478.8 308.7
12479.0 303.1
12479.2 303.3
12479.5 307.0
12479.7 306.8
12479.9 306.6
12480.1 314.9
12480.3 318.7
12480.5 314.9
12480.7 312.2
12480.9 312.8
12481.1 313.8
12481.3 314.4
12481.5 312.0
12481.7 307.8
12481.9 305.7
12482.2 301.2
12482.4 304.7
12482.6 315.1
12482.8 318.9
12483.0 308.7
12483.2 307.7
12483.4 313.9
12483.6 313.2
12483.8 311.0
12484.0 311.7
12484.2 317.8
12484.4 318.3
12484.7 311.2
12484.9 314.5
12485.1 323.1
12485.3 320.4
12485.5 313.6
12485.7 317.8
12485.9 317.5
12486.1 305.8
12486.3 308.2
12486.5 320.7
12486.7 316.4
12486.9 306.1
12487.2 316.2
12487.4 330.1
12487.6 322.2
12487.8 310.5
12488.0 309.5
12488.2 308.3
12488.4 309.6
12488.6 320.4
12488.8 326.9
12489.0 323.3
12489.2 319.1
12489.4 316.2
12489.6 315.1
12489.9 319.7
12490.1 326.1
12490.3 322.1
12490.5 315.8
12490.7 317.4
12490.9 323.1
12491.1 324.1
12491.3 317.6
12491.5 313.8
12491.7 318.8
12491.9 322.3
12492.1 319.1
12492.4 314.7
12492.6 315.7
12492.8 321.2
12493.0 329.4
12493.2 334.0
12493.4 318.7
12493.6 308.6
12493.8 313.9
12494.0 320.7
12494.2 319.3
12494.4 314.2
12494.6 313.2
12494.9 318.1
12495.1 313.3
12495.3 305.7
12495.5 303.7
12495.7 310.6
12495.9 314.6
12496.1 317.1
12496.3 328.3
12496.5 325.9
12496.7 307.6
12496.9 299.8
12497.1 306.4
12497.4 312.9
12497.6 312.6
12497.8 313.6
12498.0 315.7
12498.2 311.8
12498.4 305.7
12498.6 309.9
12498.8 314.0
12499.0 316.7
12499.2 318.0
12499.4 307.9
12499.6 304.5
12499.8 315.1
12500.1 314.1
12500.3 315.0
12500.5 320.3
12500.7 316.4
12500.9 315.5
12501.1 320.7
12501.3 323.4
12501.5 316.9
12501.7 309.1
12501.9 319.0
12502.1 332.7
12502.3 323.1
12502.6 315.0
12502.8 313.8
12503.0 313.2
12503.2 310.7
12503.4 305.9
12503.6 303.9
12503.8 306.2
12504.0 303.4
12504.2 295.3
12504.4 293.9
12504.6 307.5
12504.8 315.8
12505.1 315.7
12505.3 316.2
12505.5 322.3
12505.7 323.2
12505.9 316.4
12506.1 317.5
12506.3 325.4
12506.5 322.6
12506.7 320.0
12506.9 325.5
12507.1 328.3
12507.3 330.5
12507.5 329.9
12507.8 320.5
12508.0 316.1
12508.2 317.7
12508.4 316.3
12508.6 316.6
12508.8 319.1
12509.0 321.2
12509.2 322.6
12509.4 323.4
12509.6 326.2
12509.8 318.8
12510.0 314.5
12510.3 316.0
12510.5 316.5
12510.7 320.8
12510.9 319.7
12511.1 311.0
12511.3 314.2
12511.5 311.3
12511.7 305.7
12511.9 313.6
12512.1 311.9
12512.3 304.0
12512.5 312.6
12512.8 313.5
12513.0 306.6
12513.2 311.2
12513.4 316.3
12513.6 318.0
12513.8 317.7
12514.0 319.4
12514.2 326.6
12514.4 329.2
12514.6 324.9
12514.8 323.9
12515.0 325.0
12515.2 322.2
12515.5 324.8
12515.7 329.6
12515.9 328.8
12516.1 318.7
12516.3 319.4
12516.5 327.2
12516.7 322.7
12516.9 321.6
12517.1 319.4
12517.3 322.1
12517.5 323.9
12517.7 321.9
12518.0 312.5
12518.2 307.5
12518.4 313.7
12518.6 317.1
12518.8 319.2
12519.0 315.6
12519.2 311.8
12519.4 313.1
12519.6 318.3
12519.8 315.4
12520.0 316.1
12520.2 325.4
12520.5 328.1
12520.7 322.6
12520.9 320.5
12521.1 318.5
12521.3 319.4
12521.5 326.4
12521.7 330.7
12521.9 328.7
12522.1 324.2
12522.3 316.8
12522.5 316.1
12522.7 316.3
12522.9 310.2
12523.2 312.4
12523.4 319.4
12523.6 328.0
12523.8 329.6
12524.0 324.3
12524.2 319.9
12524.4 324.6
12524.6 328.4
12524.8 317.8
12525.0 310.4
12525.2 314.2
12525.4 318.9
12525.7 314.5
12525.9 313.4
12526.1 330.3
12526.3 328.7
12526.5 321.6
12526.7 313.3
12526.9 308.0
12527.1 306.0
12527.3 308.5
12527.5 314.1
12527.7 321.8
12527.9 331.5
12528.2 335.0
12528.4 331.9
12528.6 326.8
12528.8 324.1
12529.0 321.4
12529.2 323.4
12529.4 328.3
12529.6 327.1
12529.8 321.3
12530.0 332.2
12530.2 340.2
12530.4 325.2
12530.6 318.4
12530.9 331.6
12531.1 334.3
12531.3 331.4
12531.5 327.0
12531.7 324.2
12531.9 332.0
12532.1 335.2
12532.3 327.0
12532.5 317.8
12532.7 317.9
12532.9 329.4
12533.1 331.8
12533.4 332.1
12533.6 330.8
12533.8 326.6
12534.0 325.7
12534.2 324.4
12534.4 321.3
12534.6 322.9
12534.8 325.7
12535.0 329.9
12535.2 326.1
12535.4 322.2
12535.6 330.1
12535.9 328.7
12536.1 319.5
12536.3 324.5
12536.5 329.1
12536.7 338.0
12536.9 343.4
12537.1 335.9
12537.3 336.1
12537.5 333.0
12537.7 331.9
12537.9 333.2
12538.1 339.8
12538.3 335.4
12538.6 326.4
12538.8 329.0
12539.0 322.3
12539.2 323.8
12539.4 330.3
12539.6 332.9
12539.8 327.8
12540.0 318.5
12540.2 321.5
12540.4 329.3
12540.6 327.1
12540.8 327.9
12541.1 329.0
12541.3 327.5
12541.5 324.5
12541.7 328.8
12541.9 336.6
12542.1 333.8
12542.3 324.6
12542.5 327.8
12542.7 333.0
12542.9 326.9
12543.1 328.2
12543.3 331.0
12543.6 324.1
12543.8 322.5
12544.0 330.6
12544.2 330.7
12544.4 326.5
12544.6 321.8
12544.8 321.4
12545.0 319.0
12545.2 320.2
12545.4 319.8
12545.6 320.4
12545.8 330.6
12546.0 350.6
12546.3 345.7
12546.5 335.1
12546.7 327.2
12546.9 317.2
12547.1 325.8
12547.3 327.8
12547.5 316.4
12547.7 326.8
12547.9 332.8
12548.1 332.2
12548.3 338.4
12548.5 335.6
12548.8 324.5
12549.0 328.8
12549.2 343.1
12549.4 335.5
12549.6 324.3
12549.8 319.0
12550.0 316.9
12550.2 324.8
12550.4 322.7
12550.6 319.3
12550.8 327.2
12551.0 324.0
12551.3 317.5
12551.5 317.0
12551.7 311.6
12551.9 317.0
12552.1 318.9
12552.3 314.9
12552.5 316.4
12552.7 319.2
12552.9 323.1
12553.1 322.5
12553.3 320.0
12553.5 317.5
12553.7 326.8
12554.0 324.8
12554.2 316.2
12554.4 324.9
12554.6 325.3
12554.8 316.4
12555.0 316.6
12555.2 322.6
12555.4 322.4
12555.6 324.6
12555.8 329.7
12556.0 326.9
12556.2 311.0
12556.5 302.2
12556.7 312.3
12556.9 319.1
12557.1 316.9
12557.3 323.9
12557.5 328.8
12557.7 336.1
12557.9 346.0
12558.1 346.6
12558.3 340.3
12558.5 327.7
12558.7 311.4
12559.0 305.6
12559.2 317.5
12559.4 327.0
12559.6 323.7
12559.8 318.4
12560.0 326.3
12560.2 331.8
12560.4 329.1
12560.6 324.4
12560.8 328.1
12561.0 333.7
12561.2 341.9
12561.4 348.5
12561.7 344.8
12561.9 336.8
12562.1 329.0
12562.3 326.9
12562.5 327.4
12562.7 321.6
12562.9 310.6
12563.1 321.0
12563.3 326.7
12563.5 326.6
12563.7 320.7
12563.9 316.2
12564.2 320.3
12564.4 322.8
12564.6 328.6
12564.8 341.4
12565.0 341.6
12565.2 331.5
12565.4 328.3
12565.6 330.0
12565.8 324.6
12566.0 316.8
12566.2 318.5
12566.4 319.3
12566.7 319.8
12566.9 314.1
12567.1 310.8
12567.3 317.1
12567.5 325.5
12567.7 334.0
12567.9 343.9
12568.1 348.8
12568.3 346.9
12568.5 350.5
12568.7 355.2
12568.9 343.8
12569.1 330.7
12569.4 318.4
12569.6 313.2
12569.8 321.5
12570.0 329.1
12570.2 315.9
12570.4 303.0
12570.6 307.6
12570.8 317.8
12571.0 315.2
12571.2 306.2
12571.4 302.2
12571.6 301.8
12571.9 307.6
12572.1 311.4
12572.3 312.1
12572.5 307.5
12572.7 300.0
12572.9 305.9
12573.1 314.3
12573.3 314.4
12573.5 321.3
12573.7 328.8
12573.9 320.5
12574.1 313.0
12574.4 320.7
12574.6 325.7
12574.8 334.7
12575.0 319.0
12575.2 287.8
12575.4 281.1
12575.6 307.2
12575.8 318.4
12576.0 308.9
12576.2 320.2
12576.4 326.7
12576.6 323.3
12576.8 325.0
12577.1 337.6
12577.3 332.9
12577.5 318.8
12577.7 308.4
12577.9 299.1
12578.1 305.6
12578.3 321.7
12578.5 313.3
12578.7 301.9
12578.9 317.8
12579.1 325.4
12579.3 315.0
12579.6 306.3
12579.8 304.0
12580.0 298.9
12580.2 304.1
12580.4 315.8
12580.6 320.1
12580.8 317.8
12581.0 320.7
12581.2 327.9
12581.4 327.7
12581.6 315.9
12581.8 305.3
12582.1 306.0
12582.3 308.6
12582.5 308.1
12582.7 298.2
12582.9 285.2
12583.1 297.1
12583.3 299.1
12583.5 300.8
12583.7 322.5
12583.9 326.9
12584.1 317.0
12584.3 318.3
12584.5 318.4
12584.8 307.4
12585.0 307.3
12585.2 309.6
12585.4 306.0
12585.6 292.4
12585.8 290.9
12586.0 302.7
12586.2 287.1
12586.4 294.6
12586.6 311.8
12586.8 312.0
12587.0 306.1
12587.3 300.2
12587.5 304.1
12587.7 311.0
12587.9 318.7
12588.1 325.1
12588.3 326.6
12588.5 332.0
12588.7 343.5
12588.9 349.7
12589.1 356.0
12589.3 357.0
12589.5 344.6
12589.8 331.6
12590.0 332.9
12590.2 341.7
12590.4 339.0
12590.6 317.0
12590.8 323.7
12591.0 345.6
12591.2 340.5
12591.4 342.4
12591.6 325.8
12591.8 305.3
12592.0 309.8
12592.2 317.1
12592.5 327.7
12592.7 321.4
12592.9 307.6
12593.1 304.5
12593.3 312.1
12593.5 304.5
12593.7 300.4
12593.9 307.5
12594.1 305.0
12594.3 295.5
12594.5 309.7
12594.7 327.7
12595.0 318.6
12595.2 316.8
12595.4 315.1
12595.6 309.7
12595.8 305.8
12596.0 304.4
12596.2 319.2
12596.4 319.0
12596.6 311.4
12596.8 312.7
12597.0 318.7
12597.2 325.7
12597.5 321.9
12597.7 307.4
12597.9 313.6
12598.1 325.1
12598.3 321.0
12598.5 320.9
12598.7 320.7
12598.9 319.9
12599.1 323.1
12599.3 322.0
12599.5 323.7
12599.7 323.8
12599.9 323.9
12600.2 306.4
12600.4 299.9
12600.6 335.5
12600.8 341.3
12601.0 313.0
12601.2 324.1
12601.4 337.7
12601.6 333.0
12601.8 338.7
12602.0 344.5
12602.2 309.8
12602.4 299.6
12602.7 306.5
12602.9 305.6
12603.1 314.1
12603.3 311.5
12603.5 308.4
12603.7 319.0
12603.9 324.9
12604.1 333.9
12604.3 347.3
12604.5 334.9
12604.7 327.4
12604.9 350.1
12605.2 364.3
12605.4 354.6
12605.6 331.8
12605.8 327.7
12606.0 325.5
12606.2 312.6
12606.4 309.2
12606.6 310.9
12606.8 322.2
12607.0 335.5
12607.2 324.4
12607.4 311.1
12607.6 319.5
12607.9 344.0
12608.1 355.2
12608.3 401.8
12608.5 400.2
12608.7 333.1
12608.9 308.4
12609.1 301.1
12609.3 299.6
12609.5 310.8
12609.7 320.2
12609.9 319.7
12610.1 315.7
12610.4 305.6
12610.6 313.8
12610.8 327.7
