13183.5 455.2
13183.8 421.9
13184.0 376.5
13184.2 341.4
13184.4 335.5
13184.6 353.3
13184.9 371.6
13185.1 361.7
13185.3 341.3
13185.5 337.3
13185.8 353.5
13186.0 364.3
13186.2 357.8
13186.4 355.5
13186.7 367.3
13186.9 367.4
13187.1 349.6
13187.3 349.1
13187.5 358.1
13187.8 361.7
13188.0 369.8
13188.2 377.7
13188.4 378.9
13188.7 388.7
13188.9 393.3
13189.1 377.8
13189.3 367.4
13189.5 354.8
13189.8 340.4
13190.0 334.1
13190.2 335.1
13190.4 339.6
13190.7 334.3
13190.9 320.4
13191.1 310.8
13191.3 313.3
13191.5 317.1
13191.8 309.3
13192.0 301.4
13192.2 299.5
13192.4 291.7
13192.7 285.9
13192.9 290.3
13193.1 299.9
13193.3 306.8
13193.5 306.7
13193.8 313.6
13194.0 334.3
13194.2 347.5
13194.4 337.4
13194.7 329.4
13194.9 336.2
13195.1 340.2
13195.3 344.6
13195.5 342.6
13195.8 330.2
13196.0 321.9
13196.2 316.7
13196.4 319.8
13196.7 331.8
13196.9 339.9
13197.1 335.1
13197.3 326.7
13197.5 327.7
13197.8 329.3
13198.0 325.2
13198.2 327.9
13198.4 335.0
13198.7 340.3
13198.9 334.2
13199.1 323.8
13199.3 325.3
13199.6 331.1
13199.8 342.3
13200.0 348.5
13200.2 347.4
13200.4 350.0
13200.7 344.8
13200.9 334.8
13201.1 331.7
13201.3 342.2
13201.6 377.6
13201.8 430.2
13202.0 416.0
13202.2 381.0
13202.4 373.4
13202.7 380.3
13202.9 373.2
13203.1 350.2
13203.3 347.0
13203.6 367.6
13203.8 373.8
13204.0 364.7
13204.2 367.0
13204.4 358.1
13204.7 343.2
13204.9 346.5
13205.1 359.4
13205.3 362.8
13205.6 345.2
13205.8 336.6
13206.0 353.4
13206.2 363.6
13206.4 360.5
13206.7 352.1
13206.9 335.8
13207.1 333.6
13207.3 345.5
13207.6 351.3
13207.8 345.0
13208.0 335.9
13208.2 333.0
13208.4 341.3
13208.7 360.5
13208.9 372.3
13209.1 365.2
13209.3 348.1
13209.6 336.8
13209.8 338.1
13210.0 342.0
13210.2 349.2
13210.5 355.2
13210.7 366.9
13210.9 379.0
13211.1 372.4
13211.3 362.2
13211.6 364.8
13211.8 358.5
13212.0 349.8
13212.2 347.0
13212.5 335.0
13212.7 327.6
13212.9 333.4
13213.1 345.0
13213.3 351.9
13213.6 347.8
13213.8 337.5
13214.0 330.4
13214.2 338.2
13214.5 346.8
13214.7 345.9
13214.9 344.9
13215.1 348.2
13215.3 349.5
13215.6 343.8
13215.8 342.5
13216.0 348.3
13216.2 345.8
13216.5 338.3
13216.7 335.6
13216.9 344.7
13217.1 343.0
13217.3 328.8
13217.6 331.2
13217.8 338.3
13218.0 332.2
13218.2 336.1
13218.5 342.1
13218.7 333.7
13218.9 331.0
13219.1 328.8
13219.3 325.5
13219.6 327.5
13219.8 329.0
13220.0 319.5
13220.2 307.4
13220.5 311.6
13220.7 332.7
13220.9 340.1
13221.1 329.4
13221.3 325.8
13221.6 324.1
13221.8 312.5
13222.0 314.7
13222.2 331.7
13222.5 330.9
13222.7 314.8
13222.9 305.7
13223.1 312.1
13223.4 320.5
13223.6 330.0
13223.8 337.9
13224.0 336.8
13224.2 326.8
13224.5 326.7
13224.7 328.4
13224.9 320.5
13225.1 323.2
13225.4 336.4
13225.6 347.6
13225.8 352.5
13226.0 354.0
13226.2 362.4
13226.5 347.6
13226.7 328.2
13226.9 336.5
13227.1 342.7
13227.4 339.7
13227.6 342.4
13227.8 343.7
13228.0 336.5
13228.2 334.3
13228.5 335.3
13228.7 326.1
13228.9 321.8
13229.1 327.1
13229.4 331.5
13229.6 330.4
13229.8 340.6
13230.0 351.9
13230.2 335.9
13230.5 321.5
13230.7 316.1
13230.9 317.0
13231.1 318.0
13231.4 320.4
13231.6 321.8
13231.8 323.9
13232.0 340.0
13232.2 352.1
13232.5 343.4
13232.7 335.5
13232.9 319.7
13233.1 300.4
13233.4 308.7
13233.6 321.2
13233.8 316.9
13234.0 315.1
13234.2 321.9
13234.5 322.2
13234.7 318.9
13234.9 317.6
13235.1 315.3
13235.4 314.7
13235.6 316.3
13235.8 318.5
13236.0 319.5
13236.3 307.4
13236.5 290.2
13236.7 301.3
13236.9 324.5
13237.1 321.7
13237.4 318.0
13237.6 320.7
13237.8 313.1
13238.0 306.4
13238.3 303.6
13238.5 299.2
13238.7 294.2
13238.9 295.0
13239.1 305.8
13239.4 308.2
13239.6 299.4
13239.8 299.4
13240.0 307.6
13240.3 311.7
13240.5 310.3
13240.7 310.8
13240.9 309.7
13241.1 313.8
13241.4 317.3
13241.6 321.4
13241.8 324.2
13242.0 315.5
13242.3 305.9
13242.5 304.3
13242.7 304.8
13242.9 303.6
13243.1 304.8
13243.4 311.5
13243.6 310.0
13243.8 306.0
13244.0 316.4
13244.3 325.7
13244.5 320.5
13244.7 309.0
13244.9 301.1
13245.1 302.1
13245.4 311.6
13245.6 319.1
13245.8 319.0
13246.0 317.3
13246.3 316.1
13246.5 312.8
13246.7 312.6
13246.9 314.7
13247.2 309.3
13247.4 306.7
13247.6 314.9
13247.8 318.8
13248.0 321.5
13248.3 325.9
13248.5 321.1
13248.7 304.9
13248.9 296.6
13249.2 304.2
13249.4 313.8
13249.6 310.9
13249.8 304.1
13250.0 299.7
13250.3 298.7
13250.5 304.1
13250.7 306.4
13250.9 307.2
13251.2 309.0
13251.4 310.0
13251.6 312.4
13251.8 313.3
13252.0 316.3
13252.3 311.2
13252.5 300.3
13252.7 301.6
13252.9 303.9
13253.2 292.9
13253.4 287.0
13253.6 296.0
13253.8 314.1
13254.0 331.9
13254.3 327.9
13254.5 312.2
13254.7 307.5
13254.9 309.7
13255.2 311.4
13255.4 312.0
13255.6 318.4
13255.8 318.8
13256.0 308.6
13256.3 298.5
13256.5 301.1
13256.7 306.8
13256.9 306.9
13257.2 304.1
13257.4 301.5
13257.6 300.0
13257.8 300.1
13258.0 304.0
13258.3 309.5
13258.5 308.1
13258.7 304.6
13258.9 306.2
13259.2 304.0
13259.4 307.0
13259.6 317.0
13259.8 310.7
13260.1 304.2
13260.3 301.7
13260.5 295.8
13260.7 290.4
13260.9 285.9
13261.2 288.6
13261.4 297.7
13261.6 300.0
13261.8 293.4
13262.1 289.4
13262.3 289.8
13262.5 288.6
13262.7 289.5
13262.9 297.6
13263.2 305.7
13263.4 306.3
13263.6 301.2
13263.8 297.4
13264.1 301.4
13264.3 299.5
13264.5 290.4
13264.7 292.5
13264.9 296.1
13265.2 297.2
13265.4 301.7
13265.6 297.8
13265.8 287.7
13266.1 287.6
13266.3 296.1
13266.5 301.7
13266.7 296.7
13266.9 288.0
13267.2 289.9
13267.4 295.7
13267.6 293.5
13267.8 287.0
13268.1 281.1
13268.3 281.4
13268.5 286.5
13268.7 287.4
13268.9 284.1
13269.2 287.3
13269.4 292.1
13269.6 293.9
13269.8 284.4
13270.1 275.7
13270.3 286.3
13270.5 306.9
13270.7 318.1
13270.9 312.6
13271.2 303.4
13271.4 304.0
13271.6 306.6
13271.8 305.2
13272.1 300.8
13272.3 294.2
13272.5 298.8
13272.7 310.6
13273.0 311.7
13273.2 302.6
13273.4 288.0
13273.6 285.1
13273.8 292.1
13274.1 296.5
13274.3 292.4
13274.5 284.3
13274.7 288.6
13275.0 298.3
13275.2 302.0
13275.4 298.6
13275.6 294.1
13275.8 294.5
13276.1 292.4
13276.3 295.1
13276.5 302.6
13276.7 302.3
13277.0 300.2
13277.2 302.3
13277.4 305.2
13277.6 307.4
13277.8 309.3
13278.1 305.2
13278.3 301.1
13278.5 302.5
13278.7 307.1
13279.0 317.2
13279.2 323.9
13279.4 310.7
13279.6 310.4
13279.8 317.4
13280.1 311.9
13280.3 298.3
13280.5 297.1
13280.7 303.4
13281.0 304.2
13281.2 299.7
13281.4 291.9
13281.6 297.1
13281.8 309.5
13282.1 305.5
13282.3 296.1
13282.5 293.8
13282.7 293.3
13283.0 290.8
13283.2 293.9
13283.4 310.5
13283.6 318.0
13283.8 312.6
13284.1 327.9
13284.3 336.6
13284.5 321.1
13284.7 316.7
13285.0 322.2
13285.2 319.2
13285.4 305.1
13285.6 300.2
13285.9 305.1
13286.1 310.9
13286.3 306.5
13286.5 299.7
13286.7 305.0
13287.0 308.2
13287.2 303.8
13287.4 306.0
13287.6 305.4
13287.9 297.9
13288.1 300.5
13288.3 303.8
13288.5 307.1
13288.7 316.0
13289.0 306.6
13289.2 310.5
13289.4 316.7
13289.6 311.6
13289.9 299.8
13290.1 292.5
13290.3 297.2
13290.5 302.4
13290.7 300.9
13291.0 300.8
13291.2 303.3
13291.4 312.6
13291.6 319.9
13291.9 313.8
13292.1 313.1
13292.3 313.8
13292.5 299.9
13292.7 302.8
13293.0 302.9
13293.2 278.0
13293.4 272.0
13293.6 282.4
13293.9 290.4
13294.1 285.2
13294.3 281.3
13294.5 289.2
13294.7 290.1
13295.0 286.4
13295.2 285.3
13295.4 284.8
13295.6 293.9
13295.9 298.0
13296.1 286.6
13296.3 286.3
13296.5 293.5
13296.8 298.5
13297.0 304.8
13297.2 304.2
13297.4 296.9
13297.6 289.6
13297.9 289.3
13298.1 294.2
13298.3 298.1
13298.5 300.7
13298.8 301.7
13299.0 299.9
13299.2 293.2
13299.4 288.6
13299.6 288.0
13299.9 289.2
13300.1 293.3
13300.3 295.3
13300.5 292.4
13300.8 286.7
13301.0 285.9
13301.2 292.1
13301.4 295.5
13301.6 299.1
13301.9 312.6
13302.1 333.9
13302.3 339.7
13302.5 307.9
13302.8 288.3
13303.0 288.9
13303.2 294.1
13303.4 293.7
13303.6 294.6
13303.9 294.1
13304.1 288.2
13304.3 289.7
13304.5 290.2
13304.8 283.1
13305.0 279.6
13305.2 284.9
13305.4 287.2
13305.6 282.5
13305.9 281.7
13306.1 281.9
13306.3 279.1
13306.5 274.7
13306.8 277.6
13307.0 286.0
13307.2 286.9
13307.4 291.4
13307.6 295.3
13307.9 285.7
13308.1 281.4
13308.3 290.5
13308.5 302.3
13308.8 301.5
13309.0 289.2
13309.2 282.4
13309.4 286.3
13309.7 294.8
13309.9 296.6
13310.1 289.8
13310.3 284.8
13310.5 285.8
13310.8 292.4
13311.0 289.0
13311.2 278.8
13311.4 274.9
13311.7 271.8
13311.9 276.5
13312.1 287.2
13312.3 290.5
13312.5 290.5
13312.8 292.6
13313.0 291.8
13313.2 290.8
13313.4 291.2
13313.7 282.8
13313.9 273.9
13314.1 276.6
13314.3 280.5
13314.5 272.1
13314.8 259.2
13315.0 266.0
13315.2 287.3
13315.4 294.4
13315.7 287.1
13315.9 277.5
13316.1 273.7
13316.3 275.3
13316.5 275.5
13316.8 272.1
13317.0 270.8
13317.2 274.3
13317.4 279.7
13317.7 282.7
13317.9 279.5
13318.1 278.1
13318.3 279.6
13318.5 280.2
13318.8 277.4
13319.0 273.3
13319.2 275.7
13319.4 290.2
13319.7 294.1
13319.9 283.8
13320.1 284.2
13320.3 294.8
13320.5 284.2
13320.8 269.8
13321.0 270.3
13321.2 269.3
13321.4 271.2
13321.7 278.9
13321.9 288.3
13322.1 292.5
13322.3 290.8
13322.6 287.9
13322.8 289.0
13323.0 292.8
13323.2 289.9
13323.4 281.1
13323.7 279.6
13323.9 291.9
13324.1 301.4
13324.3 295.9
13324.6 288.8
13324.8 290.2
13325.0 286.9
13325.2 266.0
13325.4 244.1
13325.7 245.3
13325.9 271.1
13326.1 291.1
13326.3 292.5
13326.6 292.6
13326.8 292.4
13327.0 287.3
13327.2 288.5
13327.4 292.6
13327.7 289.5
13327.9 285.3
13328.1 289.1
13328.3 289.4
13328.6 279.8
13328.8 279.5
13329.0 290.7
13329.2 293.2
13329.4 284.2
13329.7 278.2
13329.9 276.9
13330.1 280.1
13330.3 289.8
13330.6 298.1
13330.8 303.3
13331.0 301.1
13331.2 294.3
13331.4 292.7
13331.7 294.9
13331.9 292.2
13332.1 291.1
13332.3 290.9
13332.6 286.2
13332.8 291.8
13333.0 298.8
13333.2 295.4
13333.5 293.2
13333.7 294.3
13333.9 288.0
13334.1 279.6
13334.3 284.5
13334.6 292.5
13334.8 296.8
13335.0 299.3
13335.2 293.1
13335.5 286.8
13335.7 285.8
13335.9 279.6
13336.1 273.0
13336.3 278.6
13336.6 283.6
13336.8 281.6
13337.0 294.3
13337.2 312.8
13337.5 310.5
13337.7 292.5
13337.9 291.1
13338.1 294.7
13338.3 289.7
13338.6 282.7
13338.8 288.8
13339.0 315.3
13339.2 319.4
13339.5 306.0
13339.7 299.1
13339.9 293.8
13340.1 286.9
13340.3 282.8
13340.6 286.7
13340.8 296.3
13341.0 296.4
13341.2 286.6
13341.5 283.7
13341.7 297.2
13341.9 297.6
13342.1 287.1
13342.3 285.1
13342.6 288.4
13342.8 290.9
13343.0 287.1
13343.2 283.1
13343.5 281.9
13343.7 272.9
13343.9 265.1
13344.1 274.3
13344.3 282.2
13344.6 281.1
13344.8 285.8
13345.0 290.3
13345.2 285.9
13345.5 279.8
13345.7 283.4
13345.9 291.4
13346.1 292.4
13346.4 292.2
13346.6 288.5
13346.8 286.6
13347.0 290.3
13347.2 284.1
13347.5 278.9
13347.7 281.1
13347.9 277.2
13348.1 272.8
13348.4 277.0
13348.6 291.0
13348.8 304.5
13349.0 305.9
13349.2 312.7
13349.5 336.0
13349.7 342.8
13349.9 336.7
13350.1 333.2
13350.4 313.8
13350.6 297.8
13350.8 296.0
13351.0 297.9
13351.2 293.0
13351.5 288.8
13351.7 291.6
13351.9 293.0
13352.1 295.2
13352.4 298.5
13352.6 293.9
13352.8 286.1
13353.0 282.6
13353.2 284.7
13353.5 287.3
13353.7 282.6
13353.9 280.4
13354.1 291.8
13354.4 295.1
13354.6 278.5
13354.8 270.7
13355.0 276.1
13355.2 282.7
13355.5 298.3
13355.7 306.2
13355.9 293.7
13356.1 283.9
13356.4 283.3
13356.6 286.5
13356.8 292.4
13357.0 297.6
13357.2 298.4
13357.5 296.3
13357.7 302.9
13357.9 309.5
13358.1 306.0
13358.4 304.6
13358.6 307.8
13358.8 304.3
13359.0 298.4
13359.3 301.3
13359.5 308.5
13359.7 305.2
13359.9 279.5
13360.1 247.1
13360.4 167.1
13360.6 276.3
13360.8 260.5
13361.0 268.2
13361.3 270.6
13361.5 267.6
13361.7 284.5
13361.9 293.0
13362.1 283.2
13362.4 275.6
13362.6 269.3
13362.8 272.7
13363.0 280.1
13363.3 274.3
13363.5 264.2
13363.7 264.4
13363.9 267.7
13364.1 270.0
13364.4 274.3
13364.6 276.0
13364.8 277.8
13365.0 285.6
13365.3 288.8
13365.5 283.7
13365.7 277.7
13365.9 272.7
13366.1 278.2
13366.4 288.5
13366.6 280.1
13366.8 264.3
13367.0 262.1
13367.3 267.3
13367.5 268.6
13367.7 266.7
13367.9 271.1
13368.1 279.3
13368.4 282.3
13368.6 280.3
13368.8 277.1
13369.0 276.3
13369.3 275.6
13369.5 276.3
13369.7 278.3
13369.9 282.9
13370.2 292.0
13370.4 285.6
13370.6 272.2
13370.8 275.0
13371.0 283.5
13371.3 279.2
13371.5 271.3
13371.7 281.7
13371.9 266.5
13372.2 235.5
13372.4 247.3
13372.6 273.1
13372.8 276.1
13373.0 268.2
13373.3 270.5
13373.5 275.8
13373.7 276.7
13373.9 273.5
13374.2 265.0
13374.4 262.2
13374.6 268.0
13374.8 274.9
13375.0 267.9
13375.3 236.9
13375.5 230.0
13375.7 253.9
13375.9 271.6
13376.2 274.8
13376.4 277.2
13376.6 285.1
13376.8 285.9
13377.0 283.8
13377.3 283.2
13377.5 284.3
13377.7 288.6
13377.9 290.4
13378.2 290.3
13378.4 285.7
13378.6 281.3
13378.8 285.0
13379.0 294.9
13379.3 298.3
13379.5 301.2
13379.7 308.5
13379.9 304.9
13380.2 292.6
13380.4 272.9
13380.6 251.3
13380.8 266.7
13381.0 281.9
13381.3 295.1
13381.5 296.6
13381.7 290.0
13381.9 282.7
13382.2 275.6
13382.4 275.9
13382.6 276.4
13382.8 275.5
13383.1 282.5
13383.3 285.7
13383.5 277.3
13383.7 275.3
13383.9 282.9
13384.2 279.2
13384.4 268.7
13384.6 272.1
13384.8 280.1
13385.1 276.3
13385.3 267.5
13385.5 267.6
13385.7 284.0
13385.9 295.4
13386.2 286.8
13386.4 281.6
13386.6 292.9
13386.8 297.8
13387.1 288.4
13387.3 286.6
13387.5 304.1
13387.7 318.8
13387.9 294.3
13388.2 266.2
13388.4 296.5
13388.6 314.7
13388.8 304.4
13389.1 306.2
13389.3 310.1
13389.5 303.8
13389.7 290.7
13389.9 282.6
13390.2 283.6
13390.4 286.0
13390.6 296.8
13390.8 306.7
13391.1 305.8
13391.3 299.1
13391.5 289.3
13391.7 284.8
13391.9 289.7
13392.2 295.9
13392.4 297.6
13392.6 302.7
13392.8 311.6
13393.1 313.2
13393.3 311.6
13393.5 305.4
13393.7 293.1
13393.9 293.1
13394.2 297.5
13394.4 305.5
13394.6 308.7
13394.8 300.7
13395.1 290.7
13395.3 290.0
13395.5 293.7
13395.7 293.2
13396.0 293.3
13396.2 292.7
13396.4 290.0
13396.6 296.7
13396.8 301.5
13397.1 292.7
13397.3 282.5
13397.5 273.9
13397.7 265.6
13398.0 273.0
13398.2 290.9
13398.4 294.5
13398.6 295.0
13398.8 296.8
13399.1 294.1
13399.3 296.9
13399.5 303.2
13399.7 301.1
13400.0 282.6
13400.2 277.6
13400.4 292.6
13400.6 303.8
13400.8 318.0
13401.1 325.7
13401.3 312.9
13401.5 303.1
13401.7 297.9
13402.0 295.9
13402.2 305.2
13402.4 309.9
13402.6 312.5
13402.8 301.2
13403.1 283.3
13403.3 285.1
13403.5 297.9
13403.7 311.1
13404.0 323.1
13404.2 324.5
13404.4 313.9
13404.6 295.2
13404.8 278.6
13405.1 281.4
13405.3 277.3
13405.5 253.6
13405.7 303.5
13406.0 324.1
13406.2 297.6
13406.4 282.0
13406.6 278.3
13406.8 278.6
13407.1 281.9
13407.3 279.8
13407.5 274.9
13407.7 286.1
13408.0 297.5
13408.2 282.7
13408.4 270.1
13408.6 276.0
13408.9 283.2
13409.1 282.2
13409.3 275.3
13409.5 278.9
13409.7 297.6
13410.0 305.1
13410.2 297.8
13410.4 292.7
13410.6 289.2
13410.9 287.2
13411.1 275.5
13411.3 272.8
13411.5 280.0
13411.7 273.8
13412.0 261.4
13412.2 256.1
13412.4 263.1
13412.6 275.3
13412.9 279.9
13413.1 276.4
13413.3 273.8
13413.5 273.0
13413.7 277.0
13414.0 281.1
13414.2 273.9
13414.4 284.3
13414.6 285.5
13414.9 275.1
13415.1 280.9
13415.3 297.6
13415.5 305.6
13415.7 299.5
13416.0 294.6
13416.2 299.0
13416.4 308.7
13416.6 302.0
13416.9 313.4
13417.1 322.8
13417.3 307.0
13417.5 293.6
13417.7 286.9
13418.0 285.3
13418.2 290.5
13418.4 302.8
13418.6 321.3
13418.9 325.2
13419.1 305.7
13419.3 283.6
13419.5 277.3
13419.8 282.9
13420.0 286.3
13420.2 292.6
13420.4 301.1
13420.6 301.1
13420.9 295.9
13421.1 289.8
13421.3 291.4
13421.5 295.6
13421.8 291.0
13422.0 288.4
13422.2 282.8
13422.4 276.3
13422.6 292.3
13422.9 320.2
13423.1 341.2
13423.3 329.6
13423.5 306.0
13423.8 314.5
13424.0 335.5
13424.2 331.7
13424.4 312.6
13424.6 312.3
13424.9 316.5
13425.1 299.5
13425.3 304.7
13425.5 323.6
13425.8 314.7
13426.0 311.5
13426.2 322.9
13426.4 334.8
13426.6 343.1
13426.9 346.5
13427.1 341.6
13427.3 325.7
13427.5 319.0
13427.8 361.3
13428.0 421.5
13428.2 407.4
13428.4 346.0
13428.6 308.4
13428.9 316.9
13429.1 343.9
13429.3 353.1
13429.5 337.1
13429.8 337.1
13430.0 348.5
13430.2 342.2
13430.4 334.6
13430.6 330.2
13430.9 336.4
13431.1 347.2
13431.3 354.0
13431.5 348.6
13431.8 343.6
13432.0 343.0
13432.2 341.8
13432.4 341.6
13432.7 335.7
13432.9 343.4
13433.1 360.5
13433.3 346.2
13433.5 354.4
13433.8 372.2
13434.0 345.5
13434.2 323.8
13434.4 324.6
13434.7 319.0
13434.9 326.8
13435.1 332.5
13435.3 326.9
13435.5 335.5
13435.8 337.0
13436.0 331.7
13436.2 327.7
13436.4 320.4
13436.7 324.5
13436.9 331.6
13437.1 331.9
13437.3 337.9
13437.5 360.1
13437.8 387.6
13438.0 393.5
13438.2 381.3
13438.4 394.4
13438.7 479.4
13438.9 601.1
13439.1 554.3
13439.3 475.1
13439.5 460.9
13439.8 425.0
13440.0 355.3
13440.2 342.7
13440.4 426.8
13440.7 575.5
13440.9 721.1
13441.1 715.5
13441.3 618.9
13441.5 462.3
13441.8 378.7
13442.0 393.5
13442.2 428.0
13442.4 403.9
13442.7 363.0
13442.9 402.1
13443.1 461.6
13443.3 440.1
13443.5 394.4
13443.8 372.9
13444.0 374.7
13444.2 394.4
13444.4 427.3
13444.7 473.8
13444.9 529.8
13445.1 550.4
13445.3 529.7
13445.6 491.7
13445.8 431.4
13446.0 382.4
13446.2 445.6
13446.4 662.7
13446.7 725.1
13446.9 602.5
13447.1 480.3
13447.3 410.6
13447.6 367.5
13447.8 361.2
13448.0 372.8
13448.2 377.5
13448.4 407.9
13448.7 452.6
13448.9 454.2
13449.1 408.6
13449.3 383.3
13449.6 370.7
13449.8 353.4
13450.0 0.0
